0.000|kb,47318638465730000,6,25,0,0,0,0,1,72057594037953393,2,-0.072,-0.373,1.268,2,-0.095,-0.062,1.293,2,-0.117,0.234,1.301,2,-0.096,0.389,1.254,2,-0.291,0.107,1.289,2,-0.357,-0.110,1.288,2,-0.340,-0.358,1.203,2,-0.340,-0.437,1.175,2,0.083,0.120,1.337,2,0.160,-0.125,1.396,2,0.201,-0.339,1.308,2,0.201,-0.407,1.264,2,-0.144,-0.370,1.224,1,-0.120,-0.775,1.231,1,-0.103,-1.118,1.260,1,-0.084,-1.129,1.128,2,0.005,-0.357,1.242,1,0.089,-0.758,1.175,1,0.161,-1.103,1.141,1,0.177,-1.087,1.008,2,-0.112,0.162,1.302,2,-0.335,-0.504,1.152,2,-0.310,-0.429,1.155,2,0.204,-0.470,1.238,2,0.201,-0.394,1.228,0
0.043|kb,47318645164780000,6,25,0,0,0,0,1,72057594037953393,2,-0.073,-0.374,1.274,2,-0.096,-0.063,1.300,2,-0.116,0.232,1.308,2,-0.098,0.388,1.261,2,-0.292,0.105,1.299,2,-0.359,-0.116,1.300,2,-0.346,-0.363,1.221,2,-0.348,-0.443,1.195,2,0.083,0.120,1.342,2,0.160,-0.125,1.397,2,0.200,-0.339,1.306,2,0.202,-0.407,1.261,2,-0.145,-0.371,1.232,1,-0.124,-0.777,1.234,1,-0.109,-1.121,1.260,1,-0.093,-1.131,1.127,2,0.004,-0.357,1.248,1,0.088,-0.759,1.178,1,0.159,-1.104,1.141,1,0.173,-1.088,1.008,2,-0.111,0.160,1.309,2,-0.341,-0.515,1.174,2,-0.318,-0.435,1.174,2,0.205,-0.471,1.235,2,0.230,-0.389,1.249,0
0.087|kb,47318651779460000,6,25,0,0,0,0,1,72057594037953393,2,-0.075,-0.375,1.283,2,-0.096,-0.065,1.309,2,-0.114,0.230,1.318,2,-0.098,0.386,1.269,2,-0.292,0.104,1.309,2,-0.359,-0.123,1.312,2,-0.350,-0.366,1.235,2,-0.351,-0.447,1.211,2,0.084,0.119,1.349,2,0.161,-0.127,1.400,2,0.200,-0.340,1.303,2,0.204,-0.407,1.258,2,-0.147,-0.372,1.241,1,-0.136,-0.778,1.243,1,-0.129,-1.122,1.268,1,-0.115,-1.132,1.135,2,0.002,-0.359,1.255,1,0.086,-0.760,1.181,1,0.157,-1.106,1.140,1,0.169,-1.088,1.006,2,-0.110,0.158,1.318,2,-0.344,-0.522,1.195,2,-0.322,-0.439,1.187,2,0.207,-0.471,1.233,2,0.228,-0.412,1.249,0
0.129|kb,47318655164040000,6,25,0,0,0,0,1,72057594037953393,2,-0.075,-0.376,1.286,2,-0.096,-0.066,1.313,2,-0.114,0.229,1.322,2,-0.098,0.385,1.273,2,-0.292,0.102,1.313,2,-0.359,-0.125,1.317,2,-0.351,-0.367,1.242,2,-0.352,-0.446,1.217,2,0.085,0.120,1.353,2,0.162,-0.127,1.401,2,0.201,-0.342,1.300,2,0.206,-0.408,1.258,2,-0.148,-0.372,1.245,1,-0.136,-0.780,1.242,1,-0.130,-1.124,1.262,1,-0.116,-1.133,1.129,2,0.001,-0.360,1.258,1,0.084,-0.761,1.182,1,0.155,-1.107,1.140,1,0.167,-1.089,1.006,2,-0.110,0.157,1.322,2,-0.347,-0.521,1.197,2,-0.323,-0.442,1.197,2,0.210,-0.472,1.234,2,0.234,-0.384,1.260,0
0.172|kb,47318658469100000,6,25,0,0,0,0,1,72057594037953393,2,-0.076,-0.377,1.289,2,-0.096,-0.067,1.316,2,-0.113,0.228,1.326,2,-0.098,0.384,1.276,2,-0.291,0.102,1.317,2,-0.359,-0.126,1.321,2,-0.351,-0.368,1.247,2,-0.352,-0.448,1.222,2,0.085,0.118,1.355,2,0.163,-0.129,1.402,2,0.202,-0.344,1.298,2,0.209,-0.408,1.258,2,-0.148,-0.373,1.248,1,-0.137,-0.781,1.240,1,-0.130,-1.126,1.258,1,-0.116,-1.133,1.124,2,0.000,-0.361,1.262,1,0.082,-0.762,1.183,1,0.152,-1.109,1.139,1,0.163,-1.090,1.005,2,-0.109,0.156,1.326,2,-0.346,-0.522,1.202,2,-0.322,-0.439,1.199,2,0.214,-0.471,1.232,2,0.240,-0.395,1.238,0
0.216|kb,47318665162570000,6,25,0,0,0,0,1,72057594037953393,2,-0.077,-0.378,1.295,2,-0.096,-0.068,1.319,2,-0.112,0.228,1.326,2,-0.096,0.383,1.283,2,-0.291,0.101,1.318,2,-0.358,-0.127,1.330,2,-0.350,-0.371,1.256,2,-0.349,-0.450,1.231,2,0.086,0.118,1.360,2,0.165,-0.131,1.406,2,0.204,-0.344,1.298,2,0.214,-0.410,1.260,2,-0.149,-0.373,1.254,1,-0.142,-0.782,1.242,1,-0.138,-1.127,1.255,1,-0.123,-1.133,1.121,2,-0.001,-0.362,1.267,1,0.082,-0.763,1.187,1,0.152,-1.110,1.141,1,0.164,-1.091,1.008,2,-0.108,0.156,1.327,2,-0.340,-0.523,1.214,2,-0.319,-0.443,1.205,2,0.218,-0.474,1.234,2,0.178,-0.397,1.225,0
0.264|kb,47318668467530000,6,25,0,0,0,0,1,72057594037953393,2,-0.078,-0.379,1.298,2,-0.096,-0.069,1.324,2,-0.111,0.227,1.333,2,-0.095,0.382,1.286,2,-0.290,0.100,1.325,2,-0.357,-0.127,1.332,2,-0.349,-0.371,1.259,2,-0.347,-0.449,1.233,2,0.087,0.117,1.363,2,0.167,-0.133,1.409,2,0.205,-0.345,1.298,2,0.215,-0.410,1.262,2,-0.150,-0.374,1.257,1,-0.142,-0.782,1.240,1,-0.137,-1.129,1.250,1,-0.123,-1.133,1.116,2,-0.002,-0.363,1.271,1,0.081,-0.764,1.188,1,0.152,-1.111,1.140,1,0.162,-1.091,1.006,2,-0.107,0.155,1.333,2,-0.340,-0.520,1.215,2,-0.318,-0.445,1.206,2,0.220,-0.475,1.236,2,0.218,-0.415,1.215,0
0.304|kb,47318671768810000,6,25,0,0,0,0,1,72057594037953393,2,-0.079,-0.379,1.301,2,-0.095,-0.069,1.327,2,-0.110,0.226,1.337,2,-0.094,0.381,1.290,2,-0.290,0.099,1.329,2,-0.357,-0.127,1.335,2,-0.349,-0.371,1.262,2,-0.347,-0.449,1.235,2,0.088,0.116,1.366,2,0.168,-0.134,1.412,2,0.206,-0.345,1.299,2,0.215,-0.411,1.265,2,-0.151,-0.374,1.260,1,-0.141,-0.783,1.239,1,-0.136,-1.130,1.245,1,-0.123,-1.133,1.111,2,-0.003,-0.364,1.273,1,0.081,-0.765,1.190,1,0.153,-1.112,1.141,1,0.163,-1.091,1.008,2,-0.106,0.154,1.337,2,-0.341,-0.521,1.217,2,-0.317,-0.443,1.208,2,0.220,-0.476,1.237,2,0.211,-0.413,1.216,0
0.344|kb,47318678466740000,6,25,0,0,0,0,1,72057594037953393,2,-0.080,-0.380,1.306,2,-0.095,-0.071,1.334,2,-0.108,0.224,1.344,2,-0.092,0.380,1.296,2,-0.288,0.098,1.334,2,-0.356,-0.127,1.339,2,-0.348,-0.371,1.264,2,-0.347,-0.448,1.231,2,0.089,0.116,1.373,2,0.169,-0.136,1.417,2,0.207,-0.348,1.301,2,0.212,-0.414,1.270,2,-0.152,-0.375,1.266,1,-0.145,-0.784,1.242,1,-0.143,-1.131,1.245,1,-0.129,-1.133,1.111,2,-0.004,-0.365,1.278,1,0.079,-0.766,1.194,1,0.150,-1.114,1.144,1,0.161,-1.092,1.011,2,-0.106,0.153,1.344,2,-0.341,-0.518,1.211,2,-0.319,-0.441,1.204,2,0.216,-0.478,1.243,2,0.214,-0.416,1.222,0
0.383|kb,47318681771710000,6,25,0,0,0,0,1,72057594037953393,2,-0.080,-0.381,1.309,2,-0.095,-0.071,1.336,2,-0.108,0.224,1.346,2,-0.091,0.380,1.298,2,-0.288,0.098,1.336,2,-0.356,-0.127,1.340,2,-0.348,-0.371,1.264,2,-0.347,-0.447,1.227,2,0.090,0.113,1.374,2,0.169,-0.137,1.420,2,0.207,-0.350,1.303,2,0.211,-0.415,1.274,2,-0.152,-0.375,1.268,1,-0.146,-0.784,1.242,1,-0.143,-1.132,1.243,1,-0.130,-1.133,1.109,2,-0.004,-0.366,1.280,1,0.078,-0.767,1.195,1,0.149,-1.115,1.145,1,0.160,-1.093,1.012,2,-0.105,0.152,1.346,2,-0.340,-0.519,1.207,2,-0.319,-0.440,1.201,2,0.217,-0.478,1.246,2,0.233,-0.405,1.240,0
0.423|kb,47318685161330000,6,25,0,0,0,0,1,72057594037953393,2,-0.081,-0.381,1.312,2,-0.095,-0.072,1.339,2,-0.108,0.223,1.350,2,-0.090,0.380,1.301,2,-0.288,0.097,1.339,2,-0.356,-0.127,1.342,2,-0.348,-0.371,1.264,2,-0.348,-0.446,1.226,2,0.091,0.113,1.378,2,0.169,-0.139,1.423,2,0.207,-0.352,1.307,2,0.209,-0.417,1.279,2,-0.153,-0.376,1.270,1,-0.146,-0.785,1.241,1,-0.143,-1.133,1.241,1,-0.129,-1.133,1.106,2,-0.005,-0.367,1.284,1,0.078,-0.768,1.197,1,0.149,-1.116,1.145,1,0.160,-1.093,1.012,2,-0.105,0.152,1.349,2,-0.340,-0.519,1.208,2,-0.319,-0.441,1.199,2,0.217,-0.479,1.251,2,0.231,-0.414,1.269,0
0.459|kb,47318688466150000,6,25,0,0,0,0,1,72057594037953393,2,-0.081,-0.382,1.313,2,-0.095,-0.072,1.341,2,-0.108,0.223,1.351,2,-0.089,0.379,1.303,2,-0.288,0.097,1.341,2,-0.356,-0.127,1.343,2,-0.348,-0.370,1.264,2,-0.347,-0.443,1.223,2,0.092,0.112,1.380,2,0.169,-0.140,1.426,2,0.206,-0.354,1.310,2,0.207,-0.418,1.282,2,-0.153,-0.376,1.272,1,-0.147,-0.785,1.244,1,-0.145,-1.133,1.243,1,-0.132,-1.133,1.109,2,-0.005,-0.368,1.285,1,0.078,-0.768,1.199,1,0.150,-1.116,1.147,1,0.161,-1.093,1.014,2,-0.105,0.151,1.351,2,-0.339,-0.515,1.203,2,-0.318,-0.434,1.196,2,0.213,-0.481,1.253,2,0.234,-0.405,1.259,0
0.499|kb,47318691772180000,6,25,0,0,0,0,1,72057594037953393,2,-0.081,-0.382,1.315,2,-0.095,-0.072,1.343,2,-0.108,0.223,1.353,2,-0.089,0.379,1.306,2,-0.288,0.097,1.343,2,-0.356,-0.127,1.344,2,-0.348,-0.370,1.263,2,-0.346,-0.442,1.220,2,0.092,0.111,1.382,2,0.168,-0.141,1.429,2,0.204,-0.356,1.316,2,0.206,-0.420,1.286,2,-0.153,-0.376,1.274,1,-0.148,-0.786,1.244,1,-0.146,-1.134,1.242,1,-0.132,-1.133,1.107,2,-0.005,-0.368,1.287,1,0.078,-0.769,1.201,1,0.149,-1.117,1.149,1,0.159,-1.094,1.017,2,-0.105,0.151,1.353,2,-0.338,-0.511,1.198,2,-0.317,-0.430,1.197,2,0.213,-0.484,1.254,2,0.214,-0.427,1.243,0
0.538|kb,47318695163300000,6,25,0,0,0,0,1,72057594037953393,2,-0.081,-0.383,1.316,2,-0.095,-0.073,1.344,2,-0.108,0.223,1.355,2,-0.088,0.378,1.307,2,-0.287,0.096,1.345,2,-0.356,-0.126,1.345,2,-0.347,-0.368,1.262,2,-0.345,-0.438,1.218,2,0.091,0.109,1.384,2,0.168,-0.143,1.432,2,0.203,-0.359,1.320,2,0.204,-0.422,1.290,2,-0.153,-0.376,1.275,1,-0.149,-0.786,1.245,1,-0.148,-1.134,1.243,1,-0.134,-1.134,1.109,2,-0.005,-0.369,1.288,1,0.079,-0.769,1.202,1,0.151,-1.117,1.149,1,0.162,-1.094,1.017,2,-0.105,0.151,1.355,2,-0.337,-0.506,1.193,2,-0.315,-0.429,1.194,2,0.209,-0.485,1.260,2,0.171,-0.423,1.253,0
0.580|kb,47318701768670000,6,25,0,0,0,0,1,72057594037953393,2,-0.082,-0.383,1.319,2,-0.096,-0.073,1.347,2,-0.108,0.222,1.359,2,-0.086,0.377,1.312,2,-0.287,0.097,1.349,2,-0.357,-0.126,1.346,2,-0.347,-0.367,1.261,2,-0.344,-0.436,1.215,2,0.091,0.108,1.387,2,0.167,-0.145,1.437,2,0.201,-0.362,1.330,2,0.203,-0.426,1.299,2,-0.153,-0.376,1.278,1,-0.150,-0.786,1.245,1,-0.150,-1.134,1.241,1,-0.136,-1.133,1.107,2,-0.006,-0.369,1.291,1,0.078,-0.769,1.204,1,0.149,-1.118,1.150,1,0.160,-1.094,1.018,2,-0.105,0.150,1.358,2,-0.335,-0.504,1.189,2,-0.316,-0.428,1.186,2,0.208,-0.489,1.269,2,0.165,-0.432,1.245,0
0.627|kb,47318705163280000,6,25,0,0,0,0,1,72057594037953393,2,-0.082,-0.383,1.320,2,-0.096,-0.073,1.348,2,-0.108,0.222,1.360,2,-0.086,0.377,1.313,2,-0.287,0.097,1.349,2,-0.357,-0.125,1.347,2,-0.347,-0.365,1.260,2,-0.344,-0.435,1.214,2,0.092,0.109,1.390,2,0.166,-0.146,1.439,2,0.201,-0.363,1.332,2,0.203,-0.427,1.301,2,-0.153,-0.376,1.278,1,-0.151,-0.786,1.246,1,-0.151,-1.135,1.242,1,-0.137,-1.134,1.108,2,-0.006,-0.369,1.292,1,0.077,-0.769,1.204,1,0.148,-1.118,1.150,1,0.159,-1.094,1.018,2,-0.105,0.150,1.359,2,-0.334,-0.503,1.188,2,-0.315,-0.428,1.186,2,0.210,-0.491,1.273,2,0.203,-0.428,1.256,0
0.667|kb,47318708462920000,6,25,0,0,0,0,1,72057594037953393,2,-0.082,-0.383,1.321,2,-0.096,-0.073,1.350,2,-0.108,0.222,1.361,2,-0.085,0.377,1.315,2,-0.287,0.097,1.350,2,-0.357,-0.125,1.347,2,-0.347,-0.365,1.260,2,-0.344,-0.436,1.215,2,0.091,0.107,1.391,2,0.166,-0.148,1.441,2,0.200,-0.364,1.337,2,0.203,-0.428,1.305,2,-0.154,-0.377,1.279,1,-0.152,-0.786,1.247,1,-0.153,-1.135,1.244,1,-0.139,-1.134,1.109,2,-0.006,-0.370,1.294,1,0.077,-0.770,1.204,1,0.148,-1.119,1.149,1,0.160,-1.094,1.017,2,-0.105,0.150,1.361,2,-0.335,-0.504,1.190,2,-0.323,-0.426,1.181,2,0.209,-0.493,1.276,2,0.167,-0.434,1.254,0
0.707|kb,47318711772490000,6,25,0,0,0,0,1,72057594037953393,2,-0.082,-0.383,1.321,2,-0.096,-0.074,1.350,2,-0.108,0.222,1.363,2,-0.085,0.377,1.316,2,-0.287,0.097,1.351,2,-0.357,-0.124,1.348,2,-0.346,-0.365,1.260,2,-0.344,-0.436,1.215,2,0.092,0.107,1.393,2,0.165,-0.149,1.443,2,0.200,-0.365,1.338,2,0.202,-0.430,1.308,2,-0.154,-0.377,1.280,1,-0.152,-0.786,1.247,1,-0.154,-1.136,1.243,1,-0.139,-1.134,1.109,2,-0.006,-0.370,1.294,1,0.077,-0.770,1.205,1,0.148,-1.119,1.150,1,0.159,-1.095,1.018,2,-0.105,0.150,1.362,2,-0.335,-0.504,1.191,2,-0.314,-0.424,1.195,2,0.208,-0.494,1.280,2,0.182,-0.471,1.317,0
0.744|kb,47318718467650000,6,25,0,0,0,0,1,72057594037953393,2,-0.082,-0.384,1.323,2,-0.096,-0.074,1.352,2,-0.108,0.222,1.364,2,-0.084,0.377,1.319,2,-0.287,0.097,1.352,2,-0.358,-0.123,1.349,2,-0.346,-0.365,1.260,2,-0.345,-0.438,1.218,2,0.092,0.105,1.395,2,0.164,-0.150,1.446,2,0.199,-0.367,1.341,2,0.201,-0.432,1.310,2,-0.154,-0.377,1.281,1,-0.154,-0.786,1.250,1,-0.157,-1.136,1.247,1,-0.143,-1.135,1.113,2,-0.007,-0.370,1.295,1,0.077,-0.770,1.205,1,0.148,-1.119,1.149,1,0.161,-1.095,1.017,2,-0.106,0.150,1.364,2,-0.336,-0.506,1.196,2,-0.317,-0.429,1.190,2,0.207,-0.495,1.285,2,0.231,-0.417,1.306,0
0.782|kb,47318721773780000,6,25,0,0,0,0,1,72057594037953393,2,-0.083,-0.384,1.323,2,-0.096,-0.074,1.353,2,-0.108,0.222,1.365,2,-0.084,0.376,1.320,2,-0.287,0.097,1.352,2,-0.358,-0.123,1.349,2,-0.346,-0.365,1.260,2,-0.345,-0.438,1.220,2,0.092,0.105,1.396,2,0.163,-0.151,1.448,2,0.199,-0.367,1.343,2,0.201,-0.432,1.311,2,-0.154,-0.377,1.281,1,-0.154,-0.786,1.250,1,-0.157,-1.136,1.247,1,-0.142,-1.135,1.113,2,-0.007,-0.371,1.296,1,0.076,-0.770,1.205,1,0.148,-1.119,1.149,1,0.160,-1.095,1.017,2,-0.106,0.150,1.365,2,-0.336,-0.507,1.198,2,-0.316,-0.429,1.192,2,0.206,-0.496,1.286,2,0.233,-0.419,1.298,0
0.819|kb,47318725162770000,6,25,0,0,0,0,1,72057594037953393,2,-0.083,-0.384,1.323,2,-0.096,-0.074,1.353,2,-0.108,0.222,1.366,2,-0.083,0.376,1.321,2,-0.287,0.097,1.353,2,-0.358,-0.123,1.350,2,-0.346,-0.365,1.260,2,-0.345,-0.439,1.221,2,0.091,0.103,1.397,2,0.163,-0.152,1.449,2,0.198,-0.367,1.344,2,0.201,-0.432,1.311,2,-0.154,-0.377,1.281,1,-0.154,-0.786,1.250,1,-0.157,-1.136,1.247,1,-0.142,-1.135,1.113,2,-0.007,-0.371,1.296,1,0.076,-0.771,1.205,1,0.147,-1.120,1.149,1,0.160,-1.096,1.017,2,-0.106,0.150,1.365,2,-0.337,-0.508,1.201,2,-0.316,-0.431,1.194,2,0.206,-0.495,1.285,2,0.205,-0.412,1.279,0
0.853|kb,47318728461820000,6,25,0,0,0,0,1,72057594037953393,2,-0.083,-0.384,1.324,2,-0.096,-0.074,1.353,2,-0.108,0.222,1.366,2,-0.083,0.376,1.322,2,-0.287,0.097,1.353,2,-0.358,-0.123,1.350,2,-0.346,-0.365,1.260,2,-0.346,-0.439,1.222,2,0.091,0.103,1.397,2,0.163,-0.152,1.450,2,0.198,-0.368,1.345,2,0.201,-0.433,1.311,2,-0.154,-0.377,1.281,1,-0.155,-0.786,1.250,1,-0.158,-1.137,1.246,1,-0.143,-1.136,1.113,2,-0.007,-0.371,1.297,1,0.076,-0.771,1.205,1,0.148,-1.120,1.148,1,0.160,-1.096,1.016,2,-0.106,0.150,1.366,2,-0.338,-0.505,1.199,2,-0.316,-0.428,1.201,2,0.203,-0.496,1.285,2,0.162,-0.441,1.250,0
0.894|kb,47318731775800000,6,25,0,0,0,0,1,72057594037953393,2,-0.083,-0.384,1.324,2,-0.097,-0.074,1.354,2,-0.108,0.222,1.367,2,-0.082,0.376,1.322,2,-0.287,0.097,1.354,2,-0.359,-0.122,1.350,2,-0.346,-0.365,1.261,2,-0.347,-0.438,1.225,2,0.091,0.102,1.398,2,0.162,-0.152,1.450,2,0.198,-0.368,1.345,2,0.202,-0.433,1.311,2,-0.154,-0.377,1.282,1,-0.159,-0.786,1.256,1,-0.166,-1.136,1.257,1,-0.151,-1.137,1.123,2,-0.007,-0.371,1.297,1,0.076,-0.771,1.205,1,0.148,-1.120,1.148,1,0.161,-1.096,1.016,2,-0.106,0.150,1.366,2,-0.338,-0.507,1.202,2,-0.317,-0.429,1.198,2,0.205,-0.496,1.287,2,0.212,-0.441,1.271,0
0.939|kb,47318735166340000,6,25,0,0,0,0,1,72057594037953393,2,-0.083,-0.384,1.324,2,-0.097,-0.074,1.354,2,-0.108,0.222,1.367,2,-0.082,0.376,1.323,2,-0.287,0.097,1.354,2,-0.359,-0.122,1.351,2,-0.347,-0.365,1.261,2,-0.347,-0.438,1.226,2,0.091,0.101,1.398,2,0.162,-0.153,1.450,2,0.198,-0.368,1.346,2,0.201,-0.433,1.311,2,-0.155,-0.377,1.282,1,-0.159,-0.786,1.256,1,-0.165,-1.136,1.256,1,-0.150,-1.137,1.123,2,-0.007,-0.371,1.298,1,0.076,-0.771,1.206,1,0.148,-1.121,1.148,1,0.161,-1.096,1.016,2,-0.106,0.150,1.366,2,-0.339,-0.508,1.204,2,-0.317,-0.430,1.203,2,0.202,-0.495,1.285,2,0.163,-0.443,1.256,0
0.982|kb,47318741770160000,6,25,0,0,0,0,1,72057594037953393,2,-0.083,-0.385,1.325,2,-0.097,-0.074,1.355,2,-0.108,0.222,1.368,2,-0.082,0.376,1.324,2,-0.287,0.097,1.355,2,-0.359,-0.122,1.351,2,-0.347,-0.365,1.263,2,-0.348,-0.439,1.229,2,0.091,0.101,1.399,2,0.162,-0.152,1.451,2,0.198,-0.369,1.346,2,0.201,-0.432,1.309,2,-0.155,-0.377,1.282,1,-0.161,-0.786,1.258,1,-0.168,-1.137,1.259,1,-0.154,-1.138,1.126,2,-0.007,-0.372,1.298,1,0.076,-0.771,1.206,1,0.148,-1.121,1.148,1,0.161,-1.096,1.016,2,-0.106,0.150,1.368,2,-0.340,-0.509,1.207,2,-0.317,-0.431,1.203,2,0.201,-0.494,1.283,2,0.200,-0.441,1.262,0
1.020|kb,47318745161920000,6,25,0,0,0,0,1,72057594037953393,2,-0.083,-0.385,1.325,2,-0.097,-0.074,1.355,2,-0.108,0.222,1.369,2,-0.081,0.376,1.325,2,-0.287,0.098,1.355,2,-0.359,-0.122,1.352,2,-0.347,-0.365,1.264,2,-0.348,-0.439,1.230,2,0.091,0.100,1.399,2,0.162,-0.153,1.451,2,0.198,-0.369,1.346,2,0.201,-0.432,1.308,2,-0.155,-0.377,1.283,1,-0.160,-0.786,1.257,1,-0.167,-1.137,1.259,1,-0.153,-1.138,1.125,2,-0.008,-0.372,1.299,1,0.076,-0.772,1.206,1,0.148,-1.121,1.148,1,0.161,-1.097,1.016,2,-0.106,0.150,1.368,2,-0.340,-0.509,1.207,2,-0.318,-0.432,1.204,2,0.203,-0.495,1.284,2,0.165,-0.444,1.257,0
1.064|kb,47318748461940000,6,25,0,0,0,0,1,72057594037953393,2,-0.083,-0.385,1.325,2,-0.097,-0.074,1.356,2,-0.108,0.222,1.369,2,-0.081,0.376,1.326,2,-0.287,0.098,1.356,2,-0.359,-0.122,1.352,2,-0.347,-0.365,1.264,2,-0.348,-0.439,1.230,2,0.091,0.101,1.400,2,0.162,-0.152,1.451,2,0.198,-0.369,1.346,2,0.202,-0.432,1.306,2,-0.155,-0.377,1.283,1,-0.161,-0.786,1.259,1,-0.168,-1.137,1.262,1,-0.153,-1.139,1.129,2,-0.008,-0.372,1.299,1,0.076,-0.772,1.206,1,0.148,-1.122,1.148,1,0.161,-1.097,1.016,2,-0.106,0.150,1.368,2,-0.340,-0.508,1.207,2,-0.317,-0.429,1.208,2,0.204,-0.495,1.279,2,0.167,-0.439,1.264,0
1.107|kb,47318751771070000,6,25,0,0,0,0,1,72057594037953393,2,-0.083,-0.385,1.326,2,-0.097,-0.074,1.356,2,-0.108,0.222,1.370,2,-0.081,0.376,1.326,2,-0.287,0.098,1.356,2,-0.360,-0.122,1.353,2,-0.347,-0.365,1.265,2,-0.348,-0.439,1.231,2,0.092,0.101,1.401,2,0.162,-0.152,1.451,2,0.198,-0.369,1.346,2,0.202,-0.432,1.306,2,-0.155,-0.377,1.283,1,-0.161,-0.786,1.259,1,-0.168,-1.137,1.261,1,-0.153,-1.139,1.128,2,-0.007,-0.372,1.299,1,0.076,-0.772,1.207,1,0.148,-1.122,1.149,1,0.161,-1.097,1.017,2,-0.105,0.150,1.369,2,-0.341,-0.510,1.210,2,-0.317,-0.431,1.202,2,0.203,-0.495,1.280,2,0.192,-0.438,1.255,0
1.149|kb,47318758462410000,6,25,0,0,0,0,1,72057594037953393,2,-0.083,-0.385,1.326,2,-0.096,-0.074,1.357,2,-0.108,0.222,1.371,2,-0.080,0.375,1.327,2,-0.287,0.098,1.357,2,-0.360,-0.122,1.354,2,-0.347,-0.365,1.266,2,-0.346,-0.438,1.229,2,0.092,0.102,1.401,2,0.163,-0.152,1.451,2,0.198,-0.369,1.346,2,0.202,-0.430,1.302,2,-0.155,-0.377,1.283,1,-0.160,-0.786,1.258,1,-0.168,-1.137,1.259,1,-0.153,-1.139,1.125,2,-0.007,-0.372,1.299,1,0.076,-0.772,1.207,1,0.148,-1.122,1.148,1,0.161,-1.097,1.016,2,-0.105,0.150,1.370,2,-0.338,-0.505,1.206,2,-0.328,-0.432,1.194,2,0.203,-0.493,1.274,2,0.203,-0.416,1.265,0
1.187|kb,47318761769700000,6,25,0,0,0,0,1,72057594037953393,2,-0.083,-0.385,1.326,2,-0.096,-0.074,1.357,2,-0.108,0.222,1.371,2,-0.080,0.375,1.327,2,-0.287,0.098,1.357,2,-0.359,-0.122,1.354,2,-0.347,-0.365,1.266,2,-0.346,-0.438,1.230,2,0.093,0.102,1.402,2,0.163,-0.152,1.451,2,0.199,-0.369,1.346,2,0.203,-0.430,1.303,2,-0.154,-0.377,1.284,1,-0.161,-0.786,1.259,1,-0.168,-1.138,1.260,1,-0.153,-1.139,1.126,2,-0.007,-0.372,1.300,1,0.076,-0.772,1.207,1,0.148,-1.122,1.148,1,0.161,-1.098,1.016,2,-0.105,0.150,1.370,2,-0.339,-0.505,1.206,2,-0.317,-0.431,1.204,2,0.204,-0.491,1.276,2,0.209,-0.425,1.262,0
1.226|kb,47318765162230000,6,25,0,0,0,0,1,72057594037953393,2,-0.083,-0.385,1.327,2,-0.096,-0.074,1.358,2,-0.108,0.222,1.372,2,-0.080,0.375,1.328,2,-0.287,0.098,1.358,2,-0.359,-0.123,1.355,2,-0.347,-0.365,1.266,2,-0.346,-0.439,1.231,2,0.093,0.102,1.402,2,0.163,-0.152,1.451,2,0.199,-0.368,1.345,2,0.204,-0.429,1.302,2,-0.154,-0.377,1.284,1,-0.160,-0.786,1.258,1,-0.168,-1.138,1.258,1,-0.153,-1.139,1.125,2,-0.007,-0.372,1.300,1,0.076,-0.772,1.207,1,0.147,-1.122,1.149,1,0.160,-1.098,1.016,2,-0.105,0.149,1.371,2,-0.339,-0.505,1.209,2,-0.333,-0.431,1.196,2,0.205,-0.491,1.274,2,0.209,-0.420,1.264,0
1.262|kb,47318768466510000,6,25,0,0,0,0,1,72057594037953393,2,-0.083,-0.385,1.327,2,-0.096,-0.074,1.358,2,-0.107,0.221,1.373,2,-0.080,0.375,1.328,2,-0.286,0.098,1.359,2,-0.359,-0.123,1.357,2,-0.347,-0.365,1.267,2,-0.346,-0.438,1.232,2,0.094,0.103,1.402,2,0.164,-0.151,1.451,2,0.199,-0.367,1.345,2,0.205,-0.429,1.303,2,-0.154,-0.377,1.285,1,-0.160,-0.786,1.258,1,-0.168,-1.138,1.257,1,-0.153,-1.139,1.123,2,-0.007,-0.372,1.300,1,0.076,-0.772,1.207,1,0.147,-1.122,1.149,1,0.160,-1.098,1.016,2,-0.105,0.149,1.372,2,-0.337,-0.506,1.209,2,-0.315,-0.429,1.209,2,0.207,-0.491,1.276,2,0.211,-0.429,1.261,0
1.301|kb,47318771776230000,6,25,0,0,0,0,1,72057594037953393,2,-0.082,-0.385,1.327,2,-0.096,-0.074,1.359,2,-0.107,0.221,1.373,2,-0.079,0.375,1.329,2,-0.286,0.098,1.360,2,-0.359,-0.123,1.357,2,-0.347,-0.365,1.267,2,-0.346,-0.438,1.232,2,0.094,0.103,1.403,2,0.165,-0.151,1.451,2,0.200,-0.367,1.345,2,0.205,-0.428,1.303,2,-0.154,-0.377,1.285,1,-0.159,-0.787,1.257,1,-0.166,-1.138,1.256,1,-0.152,-1.139,1.122,2,-0.007,-0.372,1.300,1,0.076,-0.772,1.207,1,0.147,-1.123,1.149,1,0.160,-1.098,1.016,2,-0.105,0.149,1.372,2,-0.337,-0.506,1.210,2,-0.316,-0.430,1.207,2,0.207,-0.491,1.274,2,0.210,-0.433,1.257,0
1.337|kb,47318775163860000,6,25,0,0,0,0,1,72057594037953393,2,-0.082,-0.385,1.327,2,-0.095,-0.074,1.359,2,-0.107,0.221,1.374,2,-0.079,0.375,1.329,2,-0.286,0.098,1.360,2,-0.359,-0.123,1.358,2,-0.347,-0.365,1.268,2,-0.346,-0.437,1.233,2,0.095,0.103,1.403,2,0.165,-0.151,1.451,2,0.201,-0.366,1.344,2,0.207,-0.428,1.301,2,-0.154,-0.377,1.286,1,-0.159,-0.787,1.257,1,-0.167,-1.138,1.255,1,-0.152,-1.139,1.121,2,-0.007,-0.372,1.300,1,0.076,-0.772,1.207,1,0.147,-1.123,1.149,1,0.160,-1.098,1.016,2,-0.104,0.149,1.373,2,-0.337,-0.507,1.211,2,-0.316,-0.427,1.211,2,0.210,-0.491,1.274,2,0.208,-0.417,1.262,0
1.376|kb,47318781777720000,6,25,0,0,0,0,1,72057594037953393,2,-0.082,-0.385,1.328,2,-0.095,-0.075,1.360,2,-0.106,0.221,1.375,2,-0.079,0.375,1.330,2,-0.285,0.098,1.361,2,-0.358,-0.124,1.359,2,-0.347,-0.365,1.269,2,-0.345,-0.438,1.235,2,0.096,0.103,1.403,2,0.167,-0.151,1.451,2,0.203,-0.366,1.343,2,0.209,-0.428,1.302,2,-0.153,-0.377,1.286,1,-0.159,-0.787,1.256,1,-0.167,-1.139,1.254,1,-0.153,-1.139,1.120,2,-0.006,-0.372,1.301,1,0.076,-0.772,1.207,1,0.147,-1.123,1.149,1,0.160,-1.098,1.016,2,-0.104,0.149,1.374,2,-0.338,-0.507,1.212,2,-0.315,-0.430,1.209,2,0.213,-0.490,1.274,2,0.211,-0.432,1.257,0
1.474|kb,47318788462700000,6,25,0,0,0,0,1,72057594037953393,2,-0.081,-0.385,1.329,2,-0.095,-0.075,1.360,2,-0.106,0.221,1.375,2,-0.079,0.375,1.331,2,-0.285,0.098,1.362,2,-0.358,-0.124,1.360,2,-0.347,-0.365,1.270,2,-0.344,-0.438,1.236,2,0.096,0.103,1.404,2,0.167,-0.150,1.451,2,0.203,-0.366,1.343,2,0.211,-0.428,1.302,2,-0.153,-0.378,1.287,1,-0.160,-0.787,1.256,1,-0.168,-1.139,1.253,1,-0.154,-1.139,1.119,2,-0.006,-0.372,1.301,1,0.076,-0.772,1.207,1,0.147,-1.123,1.148,1,0.159,-1.099,1.016,2,-0.103,0.149,1.374,2,-0.335,-0.507,1.212,2,-0.314,-0.430,1.213,2,0.213,-0.491,1.275,2,0.208,-0.427,1.258,0
1.513|kb,47318795164850000,6,25,0,0,0,0,1,72057594037953393,2,-0.081,-0.385,1.329,2,-0.094,-0.075,1.361,2,-0.106,0.221,1.376,2,-0.078,0.374,1.332,2,-0.285,0.097,1.362,2,-0.358,-0.124,1.361,2,-0.346,-0.366,1.271,2,-0.343,-0.438,1.236,2,0.097,0.104,1.404,2,0.169,-0.149,1.451,2,0.205,-0.365,1.342,2,0.212,-0.427,1.303,2,-0.152,-0.378,1.288,1,-0.160,-0.787,1.258,1,-0.170,-1.139,1.255,1,-0.156,-1.139,1.121,2,-0.005,-0.372,1.302,1,0.076,-0.772,1.208,1,0.147,-1.124,1.148,1,0.159,-1.099,1.016,2,-0.103,0.149,1.375,2,-0.334,-0.507,1.212,2,-0.290,-0.388,1.258,2,0.216,-0.490,1.275,2,0.219,-0.425,1.262,0
1.557|kb,47318798464140000,6,25,0,0,0,0,1,72057594037953393,2,-0.080,-0.385,1.329,2,-0.094,-0.075,1.362,2,-0.105,0.221,1.377,2,-0.078,0.374,1.332,2,-0.284,0.098,1.363,2,-0.357,-0.124,1.361,2,-0.345,-0.366,1.272,2,-0.342,-0.439,1.237,2,0.097,0.104,1.405,2,0.170,-0.149,1.454,2,0.206,-0.365,1.343,2,0.212,-0.427,1.304,2,-0.152,-0.378,1.288,1,-0.161,-0.787,1.258,1,-0.171,-1.140,1.256,1,-0.157,-1.140,1.122,2,-0.005,-0.372,1.302,1,0.076,-0.772,1.208,1,0.146,-1.124,1.149,1,0.158,-1.099,1.016,2,-0.103,0.149,1.375,2,-0.334,-0.508,1.215,2,-0.330,-0.431,1.203,2,0.215,-0.490,1.276,2,0.215,-0.425,1.262,0
1.618|kb,47318801768720000,6,25,0,0,0,0,1,72057594037953393,2,-0.080,-0.385,1.330,2,-0.093,-0.075,1.362,2,-0.105,0.221,1.377,2,-0.078,0.374,1.333,2,-0.284,0.097,1.363,2,-0.357,-0.124,1.362,2,-0.345,-0.366,1.272,2,-0.341,-0.439,1.238,2,0.097,0.104,1.405,2,0.170,-0.149,1.456,2,0.206,-0.365,1.343,2,0.212,-0.428,1.304,2,-0.152,-0.378,1.288,1,-0.161,-0.787,1.259,1,-0.171,-1.140,1.257,1,-0.157,-1.140,1.122,2,-0.004,-0.372,1.302,1,0.076,-0.772,1.208,1,0.146,-1.124,1.149,1,0.158,-1.100,1.016,2,-0.102,0.149,1.376,2,-0.333,-0.508,1.213,2,-0.311,-0.430,1.213,2,0.215,-0.491,1.275,2,0.215,-0.423,1.263,0
1.672|kb,47318808471740000,6,25,0,0,0,0,1,72057594037953393,2,-0.080,-0.385,1.330,2,-0.093,-0.075,1.362,2,-0.105,0.221,1.378,2,-0.077,0.374,1.333,2,-0.284,0.097,1.364,2,-0.357,-0.124,1.362,2,-0.344,-0.367,1.273,2,-0.340,-0.439,1.237,2,0.098,0.104,1.405,2,0.171,-0.149,1.458,2,0.206,-0.365,1.343,2,0.211,-0.428,1.306,2,-0.151,-0.378,1.289,1,-0.159,-0.787,1.258,1,-0.169,-1.140,1.255,1,-0.155,-1.140,1.121,2,-0.004,-0.372,1.302,1,0.076,-0.772,1.209,1,0.146,-1.124,1.149,1,0.158,-1.100,1.017,2,-0.102,0.149,1.376,2,-0.331,-0.507,1.212,2,-0.310,-0.429,1.212,2,0.213,-0.491,1.278,2,0.212,-0.431,1.260,0
1.721|kb,47318815162740000,6,25,0,0,0,0,1,72057594037953393,2,-0.080,-0.385,1.330,2,-0.093,-0.075,1.363,2,-0.104,0.221,1.379,2,-0.077,0.374,1.334,2,-0.283,0.097,1.365,2,-0.356,-0.124,1.363,2,-0.343,-0.367,1.273,2,-0.339,-0.438,1.237,2,0.098,0.102,1.405,2,0.170,-0.149,1.461,2,0.207,-0.365,1.345,2,0.211,-0.430,1.309,2,-0.151,-0.378,1.289,1,-0.158,-0.787,1.257,1,-0.166,-1.141,1.253,1,-0.152,-1.140,1.118,2,-0.004,-0.372,1.303,1,0.076,-0.772,1.209,1,0.146,-1.125,1.150,1,0.158,-1.101,1.018,2,-0.102,0.149,1.377,2,-0.332,-0.508,1.214,2,-0.311,-0.432,1.211,2,0.214,-0.494,1.283,2,0.217,-0.408,1.277,0
1.762|kb,47318818462560000,6,25,0,0,0,0,1,72057594037953393,2,-0.080,-0.385,1.330,2,-0.093,-0.075,1.363,2,-0.104,0.221,1.379,2,-0.077,0.374,1.334,2,-0.283,0.097,1.365,2,-0.356,-0.124,1.363,2,-0.343,-0.367,1.274,2,-0.339,-0.438,1.237,2,0.098,0.101,1.405,2,0.171,-0.150,1.462,2,0.207,-0.365,1.346,2,0.211,-0.431,1.311,2,-0.151,-0.378,1.289,1,-0.157,-0.787,1.256,1,-0.165,-1.141,1.251,1,-0.152,-1.140,1.117,2,-0.004,-0.372,1.303,1,0.076,-0.772,1.209,1,0.146,-1.125,1.150,1,0.158,-1.101,1.018,2,-0.101,0.149,1.377,2,-0.331,-0.507,1.214,2,-0.300,-0.425,1.223,2,0.214,-0.496,1.284,2,0.241,-0.420,1.294,0
1.805|kb,47318821771750000,6,25,0,0,0,0,1,72057594037953393,2,-0.080,-0.385,1.330,2,-0.093,-0.075,1.363,2,-0.104,0.221,1.379,2,-0.076,0.374,1.334,2,-0.283,0.097,1.365,2,-0.356,-0.124,1.363,2,-0.343,-0.367,1.274,2,-0.338,-0.437,1.238,2,0.098,0.100,1.405,2,0.170,-0.150,1.463,2,0.207,-0.365,1.346,2,0.211,-0.432,1.312,2,-0.151,-0.378,1.289,1,-0.158,-0.787,1.257,1,-0.167,-1.141,1.253,1,-0.153,-1.141,1.118,2,-0.004,-0.372,1.303,1,0.076,-0.773,1.210,1,0.146,-1.125,1.151,1,0.158,-1.101,1.018,2,-0.101,0.149,1.377,2,-0.331,-0.508,1.215,2,-0.281,-0.407,1.259,2,0.215,-0.497,1.285,2,0.240,-0.417,1.303,0
1.848|kb,47318828461340000,6,25,0,0,0,0,1,72057594037953393,2,-0.080,-0.385,1.330,2,-0.092,-0.075,1.363,2,-0.103,0.221,1.379,2,-0.075,0.374,1.334,2,-0.283,0.097,1.365,2,-0.356,-0.124,1.363,2,-0.342,-0.367,1.274,2,-0.336,-0.436,1.238,2,0.099,0.100,1.405,2,0.170,-0.151,1.464,2,0.207,-0.367,1.348,2,0.210,-0.434,1.313,2,-0.151,-0.378,1.289,1,-0.161,-0.787,1.258,1,-0.171,-1.141,1.255,1,-0.158,-1.141,1.121,2,-0.004,-0.373,1.303,1,0.076,-0.773,1.209,1,0.146,-1.126,1.150,1,0.158,-1.101,1.018,2,-0.101,0.149,1.378,2,-0.331,-0.506,1.212,2,-0.279,-0.427,1.248,2,0.212,-0.498,1.285,2,0.239,-0.416,1.301,0
1.886|kb,47318831769650000,6,25,0,0,0,0,1,72057594037953393,2,-0.080,-0.385,1.330,2,-0.092,-0.075,1.363,2,-0.103,0.221,1.379,2,-0.074,0.374,1.334,2,-0.282,0.097,1.365,2,-0.355,-0.124,1.363,2,-0.342,-0.367,1.274,2,-0.337,-0.436,1.237,2,0.099,0.100,1.405,2,0.170,-0.152,1.465,2,0.208,-0.367,1.348,2,0.209,-0.433,1.313,2,-0.151,-0.378,1.289,1,-0.161,-0.787,1.256,1,-0.171,-1.141,1.251,1,-0.158,-1.140,1.116,2,-0.004,-0.373,1.303,1,0.076,-0.773,1.210,1,0.146,-1.126,1.151,1,0.158,-1.101,1.018,2,-0.101,0.149,1.378,2,-0.331,-0.507,1.212,2,-0.280,-0.442,1.249,2,0.213,-0.498,1.286,2,0.223,-0.446,1.310,0
1.929|kb,47318835162170000,6,25,0,0,0,0,1,72057594037953393,2,-0.079,-0.385,1.330,2,-0.092,-0.075,1.363,2,-0.103,0.221,1.379,2,-0.073,0.374,1.334,2,-0.282,0.097,1.365,2,-0.355,-0.123,1.363,2,-0.342,-0.367,1.273,2,-0.336,-0.435,1.237,2,0.100,0.100,1.405,2,0.171,-0.152,1.464,2,0.207,-0.367,1.348,2,0.208,-0.433,1.314,2,-0.151,-0.378,1.289,1,-0.161,-0.787,1.254,1,-0.172,-1.142,1.247,1,-0.158,-1.140,1.112,2,-0.004,-0.373,1.303,1,0.076,-0.773,1.209,1,0.145,-1.126,1.150,1,0.157,-1.102,1.018,2,-0.100,0.149,1.377,2,-0.330,-0.506,1.212,2,-0.281,-0.416,1.254,2,0.212,-0.497,1.283,2,0.233,-0.420,1.311,0
1.968|kb,47318838461850000,6,25,0,0,0,0,1,72057594037953393,2,-0.079,-0.385,1.330,2,-0.092,-0.075,1.363,2,-0.102,0.222,1.379,2,-0.072,0.374,1.334,2,-0.281,0.099,1.363,2,-0.355,-0.122,1.359,2,-0.340,-0.366,1.272,2,-0.329,-0.436,1.237,2,0.100,0.100,1.406,2,0.173,-0.151,1.462,2,0.208,-0.367,1.349,2,0.209,-0.430,1.312,2,-0.151,-0.378,1.288,1,-0.161,-0.787,1.253,1,-0.172,-1.142,1.246,1,-0.158,-1.140,1.112,2,-0.004,-0.373,1.303,1,0.075,-0.773,1.209,1,0.144,-1.126,1.150,1,0.156,-1.102,1.018,2,-0.100,0.149,1.377,2,-0.325,-0.509,1.211,2,-0.275,-0.425,1.241,2,0.212,-0.491,1.279,2,0.217,-0.403,1.283,0
2.005|kb,47318841771090000,6,25,0,0,0,0,1,72057594037953393,2,-0.079,-0.385,1.330,2,-0.092,-0.075,1.363,2,-0.102,0.222,1.379,2,-0.071,0.375,1.334,2,-0.280,0.101,1.358,2,-0.354,-0.118,1.348,2,-0.331,-0.367,1.263,2,-0.315,-0.437,1.232,2,0.100,0.102,1.408,2,0.181,-0.143,1.459,2,0.218,-0.354,1.341,2,0.222,-0.412,1.296,2,-0.150,-0.377,1.288,1,-0.161,-0.787,1.253,1,-0.173,-1.142,1.245,1,-0.156,-1.140,1.111,2,-0.004,-0.372,1.304,1,0.074,-0.773,1.208,1,0.142,-1.126,1.148,1,0.157,-1.101,1.016,2,-0.100,0.150,1.377,2,-0.310,-0.512,1.209,2,-0.284,-0.442,1.256,2,0.215,-0.469,1.271,2,0.188,-0.396,1.243,0
2.049|kb,47318848461160000,6,25,0,0,0,0,1,72057594037953393,2,-0.078,-0.385,1.331,2,-0.091,-0.074,1.363,2,-0.103,0.222,1.376,2,-0.066,0.375,1.333,2,-0.279,0.101,1.349,2,-0.336,-0.111,1.302,2,-0.279,-0.353,1.211,2,-0.253,-0.431,1.191,2,0.097,0.102,1.405,2,0.199,-0.106,1.470,2,0.281,-0.236,1.327,2,0.295,-0.279,1.234,2,-0.149,-0.377,1.287,1,-0.162,-0.786,1.253,1,-0.176,-1.141,1.247,1,-0.158,-1.140,1.113,2,-0.001,-0.373,1.307,1,0.073,-0.773,1.206,1,0.138,-1.127,1.140,1,0.154,-1.101,1.008,2,-0.100,0.150,1.376,2,-0.239,-0.499,1.167,2,-0.216,-0.408,1.205,2,0.309,-0.327,1.177,2,0.274,-0.277,1.169,0
2.089|kb,47318851768110000,6,25,0,0,0,0,1,72057594037953393,2,-0.067,-0.384,1.330,2,-0.088,-0.074,1.361,2,-0.103,0.223,1.375,2,-0.062,0.374,1.333,2,-0.277,0.101,1.341,2,-0.319,-0.104,1.271,2,-0.232,-0.354,1.179,2,-0.201,-0.428,1.158,2,0.096,0.102,1.405,2,0.202,-0.087,1.477,2,0.324,-0.150,1.316,2,0.334,-0.178,1.212,2,-0.138,-0.376,1.281,1,-0.161,-0.785,1.244,1,-0.183,-1.140,1.236,1,-0.164,-1.138,1.103,2,0.009,-0.372,1.311,1,0.067,-0.773,1.203,1,0.118,-1.129,1.131,1,0.134,-1.102,0.999,2,-0.100,0.150,1.374,2,-0.176,-0.492,1.145,2,-0.171,-0.394,1.176,2,0.352,-0.198,1.143,2,0.322,-0.155,1.183,0
2.131|kb,47318855161220000,6,25,0,0,0,0,1,72057594037953393,2,-0.066,-0.383,1.331,2,-0.087,-0.073,1.361,2,-0.103,0.223,1.374,2,-0.057,0.373,1.332,2,-0.263,0.105,1.313,2,-0.304,-0.092,1.242,2,-0.182,-0.331,1.157,2,-0.142,-0.405,1.135,2,0.096,0.103,1.406,2,0.204,-0.080,1.481,2,0.323,-0.064,1.306,2,0.366,-0.063,1.204,2,-0.137,-0.375,1.280,1,-0.162,-0.784,1.244,1,-0.186,-1.139,1.236,1,-0.157,-1.138,1.105,2,0.011,-0.371,1.314,1,0.066,-0.773,1.200,1,0.116,-1.129,1.124,1,0.142,-1.099,0.995,2,-0.099,0.151,1.373,2,-0.107,-0.462,1.114,2,-0.110,-0.387,1.150,2,0.380,-0.071,1.121,2,0.342,-0.039,1.185,0
2.170|kb,47318858465170000,6,25,0,0,0,0,1,72057594037953393,2,-0.067,-0.383,1.332,2,-0.087,-0.073,1.361,2,-0.102,0.224,1.373,2,-0.052,0.373,1.331,2,-0.252,0.108,1.296,2,-0.285,-0.085,1.210,2,-0.125,-0.305,1.138,2,-0.073,-0.377,1.130,2,0.096,0.104,1.406,2,0.206,-0.079,1.479,2,0.332,-0.019,1.320,2,0.379,0.034,1.234,2,-0.137,-0.375,1.279,1,-0.164,-0.783,1.245,1,-0.188,-1.139,1.238,1,-0.154,-1.138,1.108,2,0.008,-0.372,1.318,1,0.070,-0.772,1.198,1,0.124,-1.127,1.116,1,0.156,-1.095,0.989,2,-0.099,0.151,1.373,2,-0.019,-0.428,1.107,2,-0.047,-0.369,1.077,2,0.401,0.059,1.159,2,0.378,0.076,1.213,0
2.220|kb,47318865164510000,6,25,0,0,0,0,1,72057594037953393,2,-0.070,-0.384,1.331,2,-0.088,-0.073,1.359,2,-0.101,0.225,1.370,2,-0.044,0.372,1.329,2,-0.233,0.110,1.270,2,-0.239,-0.080,1.170,2,-0.011,-0.212,1.117,2,0.076,-0.260,1.097,2,0.095,0.102,1.405,2,0.194,-0.092,1.464,2,0.336,-0.068,1.310,2,0.381,-0.034,1.280,2,-0.139,-0.370,1.272,1,-0.167,-0.778,1.248,1,-0.192,-1.134,1.250,1,-0.148,-1.136,1.125,2,0.001,-0.378,1.320,1,0.078,-0.774,1.198,1,0.144,-1.128,1.113,1,0.185,-1.094,0.991,2,-0.098,0.152,1.370,2,0.131,-0.287,1.070,2,0.059,-0.281,1.109,2,0.430,-0.005,1.245,2,0.343,-0.003,1.210,0
2.265|kb,47318868462880000,6,25,0,0,0,0,1,72057594037953393,2,-0.070,-0.382,1.332,2,-0.085,-0.070,1.357,2,-0.094,0.229,1.359,2,-0.040,0.372,1.326,2,-0.207,0.113,1.240,2,-0.200,-0.082,1.150,2,0.003,-0.126,1.120,2,0.098,-0.147,1.113,2,0.097,0.103,1.419,2,0.186,-0.088,1.467,2,0.321,-0.174,1.323,2,0.368,-0.171,1.270,2,-0.136,-0.367,1.271,1,-0.171,-0.775,1.246,1,-0.203,-1.130,1.247,1,-0.145,-1.134,1.129,2,-0.001,-0.376,1.323,1,0.081,-0.770,1.197,1,0.152,-1.125,1.107,1,0.205,-1.089,0.994,2,-0.092,0.156,1.362,2,0.162,-0.159,1.092,2,0.107,-0.164,1.101,2,0.414,-0.164,1.205,2,0.331,-0.150,1.232,0
2.316|kb,47318875165560000,6,25,0,0,0,0,1,72057594037953393,2,-0.068,-0.381,1.331,2,-0.084,-0.070,1.355,2,-0.095,0.228,1.358,2,-0.031,0.370,1.317,2,-0.201,0.114,1.233,2,-0.144,-0.070,1.137,2,0.130,-0.013,1.137,2,0.180,0.022,1.150,2,0.097,0.105,1.415,2,0.173,-0.157,1.461,2,0.259,-0.306,1.342,2,0.291,-0.342,1.295,2,-0.130,-0.365,1.265,1,-0.177,-0.771,1.247,1,-0.219,-1.125,1.254,1,-0.160,-1.131,1.137,2,0.000,-0.375,1.326,1,0.089,-0.767,1.194,1,0.167,-1.122,1.100,1,0.221,-1.082,0.988,2,-0.093,0.156,1.361,2,0.236,0.054,1.143,2,0.155,0.045,1.192,2,0.326,-0.370,1.256,2,0.288,-0.299,1.273,0
2.367|kb,47318878468730000,6,25,0,0,0,0,1,72057594037953393,2,-0.067,-0.380,1.331,2,-0.078,-0.068,1.349,2,-0.083,0.229,1.342,2,-0.026,0.368,1.312,2,-0.180,0.115,1.216,2,-0.125,-0.075,1.133,2,0.133,-0.016,1.137,2,0.188,0.008,1.150,2,0.100,0.105,1.424,2,0.165,-0.160,1.469,2,0.278,-0.274,1.333,2,0.309,-0.292,1.288,2,-0.126,-0.363,1.261,1,-0.180,-0.768,1.247,1,-0.227,-1.120,1.257,1,-0.160,-1.130,1.147,2,-0.001,-0.374,1.328,1,0.090,-0.765,1.193,1,0.171,-1.122,1.094,1,0.231,-1.081,0.991,2,-0.082,0.157,1.346,2,0.238,0.047,1.138,2,0.165,0.036,1.214,2,0.336,-0.311,1.242,2,0.253,-0.273,1.244,0
2.417|kb,47318885165250000,6,25,0,0,0,0,1,72057594037953393,2,-0.065,-0.380,1.329,2,-0.076,-0.068,1.346,2,-0.084,0.229,1.341,2,-0.012,0.365,1.303,2,-0.181,0.115,1.217,2,-0.107,-0.071,1.137,2,0.080,-0.158,1.128,2,0.173,-0.193,1.125,2,0.101,0.106,1.430,2,0.169,-0.096,1.484,2,0.333,-0.068,1.356,2,0.363,-0.023,1.303,2,-0.122,-0.362,1.257,1,-0.191,-0.764,1.243,1,-0.253,-1.114,1.254,1,-0.186,-1.127,1.143,2,-0.001,-0.375,1.329,1,0.091,-0.766,1.195,1,0.173,-1.124,1.096,1,0.232,-1.082,0.993,2,-0.082,0.157,1.345,2,0.238,-0.220,1.101,2,0.225,-0.175,1.089,2,0.392,-0.010,1.246,2,0.321,-0.047,1.243,0
2.463|kb,47318888461930000,6,25,0,0,0,0,1,72057594037953393,2,-0.063,-0.381,1.328,2,-0.069,-0.069,1.338,2,-0.068,0.232,1.325,2,-0.007,0.363,1.300,2,-0.160,0.109,1.202,2,-0.104,-0.086,1.135,2,0.115,-0.225,1.151,2,0.178,-0.262,1.144,2,0.104,0.100,1.432,2,0.178,-0.090,1.479,2,0.303,0.044,1.376,2,0.319,0.082,1.350,2,-0.119,-0.364,1.254,1,-0.197,-0.764,1.241,1,-0.265,-1.110,1.252,1,-0.193,-1.128,1.147,2,-0.001,-0.377,1.329,1,0.092,-0.768,1.197,1,0.175,-1.127,1.099,1,0.239,-1.087,1.002,2,-0.069,0.158,1.331,2,0.246,-0.282,1.126,2,0.213,-0.252,1.101,2,0.340,0.130,1.290,2,0.311,0.040,1.293,0
2.507|kb,47318891768830000,6,25,0,0,0,0,1,72057594037953393,2,-0.062,-0.382,1.328,2,-0.064,-0.069,1.335,2,-0.063,0.232,1.322,2,-0.002,0.362,1.297,2,-0.158,0.109,1.201,2,-0.105,-0.088,1.135,2,0.097,-0.190,1.153,2,0.181,-0.221,1.154,2,0.106,0.101,1.432,2,0.179,-0.086,1.475,2,0.283,0.063,1.370,2,0.271,0.074,1.368,2,-0.117,-0.364,1.253,1,-0.200,-0.764,1.237,1,-0.273,-1.108,1.246,1,-0.201,-1.127,1.140,2,-0.001,-0.378,1.330,1,0.092,-0.769,1.198,1,0.176,-1.129,1.100,1,0.239,-1.088,1.004,2,-0.063,0.159,1.328,2,0.247,-0.232,1.133,2,0.193,-0.197,1.148,2,0.294,0.131,1.327,2,0.290,0.067,1.317,0
2.547|kb,47318898470250000,6,25,0,0,0,0,1,72057594037953393,2,-0.058,-0.381,1.327,2,-0.059,-0.069,1.332,2,-0.059,0.229,1.317,2,0.006,0.361,1.286,2,-0.157,0.108,1.200,2,-0.051,-0.099,1.147,2,0.167,-0.031,1.152,2,0.222,-0.011,1.150,2,0.107,0.109,1.429,2,0.161,-0.160,1.441,2,0.282,-0.169,1.267,1,0.295,-0.168,1.272,2,-0.112,-0.363,1.252,1,-0.201,-0.762,1.234,1,-0.278,-1.104,1.243,1,-0.208,-1.125,1.136,2,0.001,-0.377,1.330,1,0.092,-0.769,1.200,1,0.175,-1.131,1.103,1,0.238,-1.090,1.007,2,-0.059,0.157,1.323,2,0.276,0.005,1.153,2,0.217,0.005,1.143,2,0.305,-0.152,1.225,2,0.261,-0.140,1.206,0
2.594|kb,47318901769250000,6,25,0,0,0,0,1,72057594037953393,2,-0.054,-0.378,1.327,2,-0.056,-0.068,1.329,2,-0.055,0.227,1.310,2,0.008,0.359,1.278,2,-0.154,0.106,1.197,2,-0.082,-0.083,1.127,2,0.116,0.018,1.155,2,0.171,0.073,1.154,2,0.104,0.129,1.418,2,0.144,-0.143,1.458,2,0.237,-0.290,1.341,1,0.277,-0.287,1.301,2,-0.108,-0.361,1.251,1,-0.202,-0.758,1.234,1,-0.283,-1.099,1.244,1,-0.214,-1.121,1.136,2,0.004,-0.374,1.332,1,0.090,-0.767,1.202,1,0.170,-1.130,1.104,1,0.231,-1.090,1.007,2,-0.056,0.156,1.318,2,0.217,0.114,1.135,2,0.139,0.076,1.206,2,0.317,-0.290,1.285,2,0.277,-0.252,1.263,0
2.645|kb,47318908464860000,6,25,0,0,0,0,1,72057594037953393,2,-0.053,-0.376,1.327,2,-0.054,-0.068,1.327,2,-0.053,0.226,1.307,2,0.014,0.355,1.267,2,-0.155,0.107,1.195,2,-0.028,-0.072,1.127,2,0.172,-0.038,1.154,2,0.209,0.013,1.141,2,0.110,0.131,1.385,1,0.132,-0.126,1.477,2,0.269,-0.163,1.320,1,0.290,-0.146,1.283,2,-0.108,-0.360,1.251,1,-0.197,-0.758,1.234,1,-0.274,-1.100,1.243,1,-0.211,-1.120,1.129,2,0.006,-0.372,1.334,1,0.089,-0.766,1.203,1,0.166,-1.130,1.105,1,0.220,-1.090,1.003,2,-0.053,0.154,1.314,2,0.247,0.035,1.149,2,0.176,-0.005,1.139,2,0.302,-0.148,1.226,2,0.308,-0.124,1.273,0
2.710|kb,47318911775930000,6,25,0,0,0,0,1,72057594037953393,2,-0.053,-0.376,1.327,2,-0.053,-0.069,1.325,2,-0.050,0.224,1.303,2,0.017,0.353,1.265,2,-0.153,0.105,1.193,2,-0.115,-0.093,1.120,2,0.088,-0.136,1.125,2,0.185,-0.139,1.125,2,0.110,0.119,1.415,1,0.121,-0.130,1.523,2,0.237,-0.054,1.363,2,0.288,-0.023,1.299,2,-0.107,-0.360,1.251,1,-0.195,-0.759,1.234,1,-0.272,-1.100,1.242,1,-0.202,-1.122,1.135,2,0.006,-0.373,1.334,1,0.090,-0.766,1.204,1,0.168,-1.130,1.107,1,0.228,-1.091,1.011,2,-0.051,0.153,1.311,2,0.249,-0.138,1.109,2,0.208,-0.145,1.111,2,0.316,-0.013,1.221,2,0.307,0.012,1.284,0
2.772|kb,47318918462660000,6,25,0,0,0,0,1,72057594037953393,2,-0.051,-0.379,1.327,2,-0.050,-0.072,1.322,2,-0.046,0.222,1.298,2,0.019,0.352,1.261,2,-0.149,0.103,1.189,2,-0.098,-0.098,1.141,2,0.108,-0.202,1.143,2,0.185,-0.219,1.148,2,0.113,0.119,1.416,2,0.177,-0.069,1.460,2,0.266,0.076,1.335,2,0.253,0.089,1.342,2,-0.106,-0.363,1.250,1,-0.196,-0.761,1.234,1,-0.274,-1.102,1.244,1,-0.203,-1.125,1.138,2,0.007,-0.376,1.334,1,0.090,-0.770,1.207,1,0.167,-1.135,1.112,1,0.228,-1.096,1.016,2,-0.047,0.150,1.306,2,0.254,-0.217,1.146,2,0.186,-0.249,1.119,2,0.270,0.146,1.309,2,0.221,0.118,1.348,0
2.818|kb,47318925164810000,6,25,0,0,0,0,1,72057594037953393,2,-0.051,-0.380,1.328,2,-0.048,-0.073,1.321,2,-0.044,0.220,1.293,2,0.021,0.350,1.252,2,-0.148,0.102,1.188,2,-0.121,-0.103,1.136,2,0.105,-0.060,1.159,2,0.175,-0.030,1.161,2,0.114,0.119,1.415,1,0.179,-0.070,1.452,1,0.277,0.024,1.289,2,0.249,0.012,1.202,2,-0.105,-0.364,1.253,1,-0.191,-0.764,1.232,1,-0.266,-1.106,1.238,1,-0.195,-1.127,1.132,2,0.007,-0.376,1.334,1,0.089,-0.772,1.212,1,0.165,-1.137,1.121,1,0.227,-1.100,1.025,2,-0.045,0.149,1.303,2,0.233,-0.004,1.142,2,0.192,-0.048,1.108,1,0.268,0.059,1.120,1,0.203,0.010,1.160,0
2.857|kb,47318928460950000,6,25,0,0,0,0,1,72057594037953393,2,-0.050,-0.379,1.328,2,-0.047,-0.073,1.319,2,-0.043,0.218,1.286,2,0.020,0.349,1.245,2,-0.148,0.101,1.185,2,-0.120,-0.104,1.135,2,0.086,-0.001,1.156,2,0.141,0.056,1.157,2,0.106,0.143,1.379,2,0.134,-0.114,1.470,2,0.218,-0.278,1.372,1,0.248,-0.270,1.317,2,-0.104,-0.364,1.253,1,-0.189,-0.764,1.233,1,-0.263,-1.107,1.240,1,-0.196,-1.126,1.129,2,0.009,-0.375,1.335,1,0.090,-0.770,1.212,1,0.166,-1.136,1.122,1,0.223,-1.099,1.021,2,-0.044,0.147,1.297,2,0.183,0.095,1.139,2,0.177,0.055,1.110,2,0.276,-0.257,1.264,2,0.257,-0.241,1.256,0
2.905|kb,47318931769550000,6,25,0,0,0,0,1,72057594037953393,2,-0.049,-0.379,1.329,2,-0.046,-0.074,1.318,2,-0.041,0.216,1.282,2,0.019,0.347,1.240,2,-0.147,0.101,1.185,2,-0.111,-0.101,1.127,2,0.083,0.001,1.156,2,0.122,0.068,1.161,2,0.105,0.142,1.360,2,0.132,-0.108,1.465,2,0.196,-0.272,1.350,2,0.210,-0.253,1.329,2,-0.105,-0.364,1.255,1,-0.187,-0.764,1.233,1,-0.260,-1.109,1.238,1,-0.197,-1.126,1.125,2,0.010,-0.375,1.335,1,0.091,-0.770,1.213,1,0.166,-1.136,1.123,1,0.219,-1.100,1.020,2,-0.042,0.146,1.294,2,0.161,0.113,1.153,2,0.153,0.073,1.116,2,0.252,-0.269,1.265,2,0.246,-0.237,1.302,0
2.965|kb,47318938463650000,6,25,0,0,0,0,1,72057594037953393,2,-0.049,-0.379,1.329,2,-0.046,-0.075,1.316,2,-0.040,0.214,1.279,2,0.023,0.345,1.235,2,-0.147,0.101,1.184,2,-0.119,-0.103,1.126,2,0.084,-0.143,1.130,2,0.154,-0.141,1.129,2,0.108,0.138,1.366,1,0.125,-0.096,1.500,2,0.224,-0.081,1.312,2,0.255,-0.075,1.245,2,-0.105,-0.364,1.256,1,-0.186,-0.765,1.234,1,-0.257,-1.111,1.239,1,-0.192,-1.127,1.126,2,0.010,-0.374,1.335,1,0.095,-0.769,1.213,1,0.172,-1.135,1.123,1,0.227,-1.099,1.021,2,-0.041,0.144,1.291,2,0.223,-0.137,1.111,2,0.182,-0.156,1.082,2,0.232,-0.129,1.111,2,0.275,-0.042,1.222,0
3.008|kb,47318941768560000,6,25,0,0,0,0,1,72057594037953393,2,-0.049,-0.381,1.329,2,-0.045,-0.076,1.316,2,-0.040,0.214,1.279,2,0.024,0.344,1.234,2,-0.147,0.098,1.183,2,-0.123,-0.106,1.129,2,0.099,-0.212,1.136,2,0.167,-0.233,1.132,2,0.111,0.135,1.374,1,0.128,-0.102,1.504,2,0.223,0.010,1.351,2,0.254,0.043,1.294,2,-0.106,-0.365,1.255,1,-0.186,-0.766,1.235,1,-0.256,-1.113,1.240,1,-0.190,-1.129,1.129,2,0.010,-0.376,1.335,1,0.096,-0.771,1.213,1,0.175,-1.136,1.124,1,0.231,-1.100,1.022,2,-0.041,0.144,1.291,2,0.234,-0.240,1.115,2,0.208,-0.219,1.092,2,0.278,0.076,1.236,2,0.250,0.084,1.305,0
3.046|kb,47318948467710000,6,25,0,0,0,0,1,72057594037953393,2,-0.050,-0.382,1.330,2,-0.045,-0.077,1.315,2,-0.038,0.212,1.277,2,0.026,0.341,1.230,2,-0.146,0.098,1.183,2,-0.139,-0.108,1.130,2,0.097,-0.119,1.147,2,0.161,-0.110,1.150,2,0.118,0.126,1.378,1,0.144,-0.115,1.500,2,0.203,-0.008,1.326,2,0.227,0.018,1.298,2,-0.108,-0.366,1.257,1,-0.184,-0.768,1.235,1,-0.251,-1.116,1.239,1,-0.184,-1.131,1.128,2,0.010,-0.378,1.335,1,0.096,-0.772,1.213,1,0.175,-1.137,1.125,1,0.231,-1.102,1.023,2,-0.040,0.142,1.289,2,0.226,-0.100,1.137,2,0.185,-0.128,1.109,2,0.240,0.059,1.243,2,0.278,0.038,1.309,0
3.085|kb,47318951768840000,6,25,0,0,0,0,1,72057594037953393,2,-0.050,-0.382,1.330,2,-0.045,-0.078,1.314,2,-0.036,0.210,1.275,2,0.027,0.341,1.226,2,-0.146,0.098,1.183,2,-0.139,-0.108,1.130,2,0.104,-0.031,1.161,2,0.152,-0.002,1.157,2,0.118,0.127,1.377,1,0.145,-0.115,1.497,2,0.197,0.006,1.245,2,0.171,0.010,1.151,2,-0.109,-0.366,1.258,1,-0.184,-0.768,1.235,1,-0.250,-1.117,1.238,1,-0.184,-1.131,1.127,2,0.010,-0.378,1.335,1,0.096,-0.772,1.214,1,0.174,-1.138,1.126,1,0.231,-1.103,1.024,2,-0.039,0.140,1.287,2,0.205,0.026,1.139,2,0.175,-0.011,1.108,2,0.166,0.039,1.113,2,0.198,0.003,1.116,0
3.122|kb,47318955161950000,6,25,0,0,0,0,1,72057594037953393,2,-0.050,-0.381,1.331,2,-0.044,-0.078,1.313,2,-0.036,0.210,1.271,2,0.025,0.340,1.221,2,-0.147,0.098,1.181,2,-0.134,-0.108,1.127,2,0.067,0.005,1.150,1,0.104,0.056,1.158,2,0.106,0.134,1.304,2,0.135,-0.089,1.452,2,0.189,-0.271,1.365,1,0.214,-0.264,1.316,2,-0.110,-0.366,1.260,1,-0.182,-0.769,1.235,1,-0.246,-1.119,1.237,1,-0.197,-1.130,1.115,2,0.012,-0.377,1.335,1,0.094,-0.772,1.214,1,0.170,-1.138,1.126,1,0.210,-1.104,1.013,2,-0.038,0.140,1.284,2,0.158,0.100,1.132,2,0.149,0.066,1.106,2,0.240,-0.267,1.286,2,0.198,-0.283,1.328,0
3.158|kb,47318958461150000,6,25,0,0,0,0,1,72057594037953393,2,-0.050,-0.381,1.332,2,-0.044,-0.078,1.312,2,-0.036,0.209,1.268,2,0.025,0.339,1.218,2,-0.147,0.098,1.181,2,-0.132,-0.107,1.125,2,0.067,0.004,1.151,1,0.105,0.047,1.160,2,0.106,0.134,1.304,2,0.132,-0.092,1.448,2,0.178,-0.272,1.352,2,0.194,-0.263,1.320,2,-0.111,-0.366,1.262,1,-0.181,-0.769,1.236,1,-0.242,-1.121,1.238,1,-0.193,-1.131,1.116,2,0.013,-0.376,1.335,1,0.094,-0.772,1.214,1,0.168,-1.139,1.126,1,0.208,-1.104,1.014,2,-0.038,0.139,1.282,2,0.154,0.095,1.144,2,0.139,0.059,1.108,2,0.219,-0.276,1.272,2,0.160,-0.278,1.309,0
3.201|kb,47318961772030000,6,25,0,0,0,0,1,72057594037953393,2,-0.050,-0.381,1.332,2,-0.044,-0.079,1.311,2,-0.036,0.209,1.267,2,0.026,0.338,1.216,2,-0.147,0.098,1.181,2,-0.136,-0.107,1.124,2,0.068,-0.078,1.142,2,0.123,-0.049,1.155,2,0.113,0.131,1.328,1,0.135,-0.101,1.465,2,0.188,-0.204,1.287,1,0.210,-0.188,1.277,2,-0.112,-0.366,1.262,1,-0.180,-0.770,1.237,1,-0.241,-1.121,1.239,1,-0.185,-1.132,1.121,2,0.013,-0.376,1.335,1,0.094,-0.771,1.212,1,0.168,-1.138,1.123,1,0.214,-1.104,1.014,2,-0.038,0.139,1.281,2,0.194,-0.024,1.130,2,0.164,-0.049,1.077,2,0.223,-0.186,1.217,2,0.157,-0.190,1.250,0
3.246|kb,47318968471120000,6,25,0,0,0,0,1,72057594037953393,2,-0.051,-0.384,1.328,2,-0.043,-0.081,1.308,2,-0.034,0.208,1.268,2,0.028,0.337,1.215,2,-0.147,0.098,1.181,2,-0.160,-0.108,1.132,2,0.057,-0.247,1.133,2,0.118,-0.270,1.128,2,0.120,0.127,1.350,1,0.142,-0.081,1.428,2,0.245,0.032,1.282,2,0.249,0.038,1.270,2,-0.112,-0.368,1.260,1,-0.178,-0.771,1.239,1,-0.236,-1.123,1.244,1,-0.175,-1.135,1.130,2,0.012,-0.380,1.329,1,0.097,-0.775,1.213,1,0.174,-1.143,1.129,1,0.225,-1.108,1.024,2,-0.037,0.138,1.280,2,0.175,-0.286,1.115,2,0.158,-0.262,1.089,2,0.260,0.060,1.212,2,0.250,-0.002,1.233,0
3.287|kb,47318971769980000,6,25,0,0,0,0,1,72057594037953393,2,-0.051,-0.384,1.327,2,-0.043,-0.081,1.308,2,-0.034,0.209,1.270,2,0.029,0.337,1.215,2,-0.147,0.098,1.181,2,-0.171,-0.108,1.136,2,0.045,-0.234,1.139,2,0.114,-0.252,1.137,2,0.122,0.125,1.352,1,0.151,-0.074,1.421,2,0.233,0.074,1.295,2,0.220,0.076,1.309,2,-0.112,-0.368,1.258,1,-0.177,-0.771,1.240,1,-0.234,-1.124,1.248,1,-0.174,-1.135,1.133,2,0.012,-0.381,1.328,1,0.097,-0.776,1.213,1,0.174,-1.144,1.131,1,0.225,-1.109,1.025,2,-0.036,0.138,1.282,2,0.170,-0.256,1.125,2,0.148,-0.237,1.103,2,0.250,0.117,1.248,2,0.236,0.038,1.275,0
3.328|kb,47318975164150000,6,25,0,0,0,0,1,72057594037953393,2,-0.051,-0.385,1.328,2,-0.043,-0.081,1.308,2,-0.034,0.209,1.271,2,0.029,0.336,1.213,2,-0.147,0.098,1.181,2,-0.192,-0.104,1.139,2,0.061,-0.170,1.155,2,0.115,-0.179,1.148,2,0.124,0.123,1.352,1,0.153,-0.069,1.409,2,0.241,0.057,1.264,2,0.207,0.036,1.304,2,-0.112,-0.369,1.259,1,-0.174,-0.773,1.240,1,-0.229,-1.125,1.247,1,-0.169,-1.136,1.132,2,0.013,-0.381,1.328,1,0.096,-0.777,1.214,1,0.173,-1.145,1.131,1,0.224,-1.110,1.025,2,-0.036,0.138,1.282,2,0.183,-0.180,1.130,2,0.147,-0.156,1.136,2,0.232,0.070,1.239,2,0.234,0.000,1.273,0
3.364|kb,47318978461550000,6,25,0,0,0,0,1,72057594037953393,2,-0.051,-0.385,1.328,2,-0.043,-0.081,1.308,2,-0.034,0.209,1.271,2,0.029,0.336,1.211,2,-0.148,0.098,1.181,2,-0.195,-0.104,1.140,2,0.085,-0.098,1.141,2,0.137,-0.094,1.141,2,0.124,0.123,1.352,1,0.153,-0.068,1.409,2,0.229,-0.091,1.211,2,0.197,-0.085,1.162,2,-0.112,-0.369,1.259,1,-0.174,-0.773,1.240,1,-0.229,-1.126,1.246,1,-0.169,-1.137,1.131,2,0.013,-0.381,1.328,1,0.096,-0.778,1.214,1,0.172,-1.145,1.132,1,0.222,-1.111,1.025,2,-0.036,0.138,1.282,2,0.211,-0.078,1.178,2,0.135,-0.081,1.169,2,0.172,-0.093,1.109,2,0.176,-0.115,1.116,0
3.402|kb,47318981771710000,6,25,0,0,0,0,1,72057594037953393,2,-0.049,-0.384,1.328,2,-0.043,-0.081,1.309,2,-0.034,0.209,1.271,2,0.029,0.336,1.207,2,-0.148,0.098,1.181,2,-0.195,-0.105,1.142,2,0.064,-0.053,1.138,2,0.122,-0.024,1.134,2,0.125,0.125,1.351,1,0.152,-0.067,1.408,2,0.159,0.009,1.133,1,0.146,-0.012,1.121,2,-0.111,-0.369,1.260,1,-0.174,-0.772,1.239,1,-0.230,-1.125,1.245,1,-0.171,-1.136,1.129,2,0.015,-0.380,1.328,1,0.095,-0.777,1.214,1,0.169,-1.145,1.132,1,0.219,-1.111,1.025,2,-0.036,0.138,1.283,2,0.181,0.008,1.110,2,0.116,0.003,1.142,2,0.159,0.027,1.085,2,0.160,-0.035,1.088,0
3.438|kb,47318985165450000,6,25,0,0,0,0,1,72057594037953393,2,-0.045,-0.382,1.330,2,-0.040,-0.081,1.307,2,-0.032,0.206,1.263,2,0.028,0.335,1.203,2,-0.151,0.097,1.180,2,-0.191,-0.107,1.141,2,0.071,-0.004,1.134,1,0.114,0.035,1.131,2,0.129,0.138,1.345,2,0.150,-0.112,1.452,2,0.175,-0.294,1.352,2,0.178,-0.305,1.323,2,-0.108,-0.368,1.263,1,-0.176,-0.771,1.239,1,-0.236,-1.123,1.242,1,-0.180,-1.134,1.124,2,0.021,-0.376,1.329,1,0.092,-0.775,1.214,1,0.158,-1.144,1.131,1,0.205,-1.111,1.023,2,-0.034,0.136,1.277,2,0.156,0.066,1.110,2,0.091,0.064,1.182,2,0.124,-0.380,1.300,2,0.120,-0.306,1.339,0
3.498|kb,47318991771740000,6,25,0,0,0,0,1,72057594037953393,2,-0.042,-0.381,1.331,2,-0.038,-0.081,1.306,2,-0.032,0.205,1.260,2,0.028,0.335,1.201,2,-0.153,0.096,1.180,2,-0.195,-0.107,1.140,2,0.069,-0.012,1.134,1,0.111,0.003,1.139,2,0.129,0.137,1.345,2,0.151,-0.112,1.454,2,0.163,-0.292,1.338,2,0.155,-0.320,1.315,2,-0.105,-0.367,1.264,1,-0.176,-0.770,1.239,1,-0.238,-1.122,1.241,1,-0.182,-1.133,1.123,2,0.024,-0.375,1.329,1,0.097,-0.773,1.211,1,0.165,-1.142,1.127,1,0.212,-1.109,1.018,2,-0.033,0.135,1.275,2,0.144,0.031,1.152,2,0.083,0.018,1.169,2,0.149,-0.361,1.284,2,0.122,-0.298,1.316,0
3.534|kb,47318995162810000,6,25,0,0,0,0,1,72057594037953393,2,-0.041,-0.382,1.330,2,-0.037,-0.082,1.304,2,-0.031,0.204,1.259,2,0.029,0.335,1.200,2,-0.155,0.096,1.182,2,-0.201,-0.106,1.141,2,0.079,-0.082,1.133,1,0.120,-0.066,1.136,2,0.137,0.130,1.350,1,0.162,-0.118,1.460,2,0.162,-0.291,1.328,2,0.155,-0.309,1.302,2,-0.105,-0.368,1.264,1,-0.173,-0.771,1.240,1,-0.232,-1.123,1.243,1,-0.177,-1.134,1.125,2,0.025,-0.376,1.328,1,0.098,-0.774,1.211,1,0.165,-1.143,1.127,1,0.212,-1.110,1.018,2,-0.032,0.135,1.273,2,0.159,-0.047,1.157,2,0.103,-0.036,1.196,2,0.123,-0.377,1.279,2,0.124,-0.303,1.321,0
3.573|kb,47318998463460000,6,25,0,0,0,0,1,72057594037953393,2,-0.041,-0.382,1.329,2,-0.037,-0.082,1.304,2,-0.031,0.206,1.263,2,0.029,0.336,1.199,2,-0.155,0.097,1.183,2,-0.205,-0.105,1.149,2,-0.004,-0.162,1.131,2,0.077,-0.155,1.140,2,0.137,0.129,1.350,1,0.169,-0.111,1.471,2,0.167,-0.283,1.308,2,0.166,-0.297,1.289,2,-0.105,-0.368,1.263,1,-0.170,-0.771,1.240,1,-0.228,-1.124,1.244,1,-0.173,-1.134,1.126,2,0.026,-0.376,1.325,1,0.098,-0.775,1.211,1,0.164,-1.145,1.129,1,0.210,-1.111,1.019,2,-0.032,0.136,1.275,2,0.146,-0.149,1.121,2,0.066,-0.129,1.192,2,0.128,-0.387,1.273,2,0.119,-0.320,1.290,0
3.617|kb,47319005160910000,6,25,0,0,0,0,1,72057594037953393,2,-0.038,-0.383,1.325,2,-0.036,-0.082,1.304,2,-0.031,0.208,1.266,2,0.030,0.336,1.198,2,-0.155,0.098,1.185,2,-0.221,-0.099,1.169,2,-0.020,-0.217,1.128,2,0.036,-0.245,1.129,2,0.137,0.128,1.349,2,0.178,-0.109,1.455,2,0.205,-0.267,1.317,1,0.220,-0.272,1.256,2,-0.103,-0.368,1.263,1,-0.169,-0.771,1.241,1,-0.227,-1.124,1.246,1,-0.172,-1.134,1.127,2,0.029,-0.378,1.316,1,0.095,-0.779,1.214,1,0.157,-1.151,1.142,1,0.203,-1.119,1.032,2,-0.032,0.137,1.277,2,0.106,-0.251,1.115,2,0.005,-0.295,1.166,2,0.230,-0.274,1.216,2,0.220,-0.309,1.276,0
3.658|kb,47319008460640000,6,25,0,0,0,0,1,72057594037953393,2,-0.037,-0.383,1.325,2,-0.036,-0.082,1.304,2,-0.031,0.208,1.267,2,0.031,0.337,1.197,2,-0.155,0.099,1.187,2,-0.226,-0.097,1.175,2,-0.027,-0.223,1.129,2,0.018,-0.248,1.129,2,0.137,0.128,1.349,2,0.183,-0.109,1.454,2,0.209,-0.267,1.317,1,0.241,-0.270,1.251,2,-0.102,-0.368,1.263,1,-0.169,-0.771,1.240,1,-0.228,-1.124,1.244,1,-0.174,-1.134,1.125,2,0.030,-0.379,1.314,1,0.094,-0.780,1.214,1,0.155,-1.151,1.144,1,0.201,-1.120,1.033,2,-0.032,0.138,1.278,2,0.081,-0.259,1.109,2,0.032,-0.218,1.190,2,0.253,-0.274,1.211,2,0.242,-0.306,1.268,0
3.696|kb,47319011769290000,6,25,0,0,0,0,1,72057594037953393,2,-0.037,-0.383,1.324,2,-0.035,-0.081,1.305,2,-0.031,0.209,1.267,2,0.031,0.337,1.196,2,-0.155,0.100,1.188,2,-0.233,-0.097,1.186,2,-0.028,-0.225,1.129,2,0.013,-0.246,1.126,2,0.152,0.118,1.352,2,0.191,-0.104,1.452,2,0.223,-0.265,1.319,2,0.259,-0.267,1.252,2,-0.101,-0.368,1.264,1,-0.169,-0.771,1.241,1,-0.228,-1.124,1.244,1,-0.176,-1.134,1.125,2,0.031,-0.379,1.314,1,0.095,-0.780,1.213,1,0.155,-1.151,1.144,1,0.200,-1.121,1.032,2,-0.032,0.138,1.279,2,0.069,-0.254,1.110,2,-0.019,-0.299,1.171,2,0.273,-0.273,1.208,2,0.260,-0.304,1.268,0
3.736|kb,47319015163560000,6,25,0,0,0,0,1,72057594037953393,2,-0.036,-0.383,1.325,2,-0.035,-0.081,1.305,2,-0.031,0.209,1.268,2,0.031,0.337,1.195,2,-0.155,0.100,1.190,2,-0.239,-0.096,1.192,2,-0.082,-0.226,1.142,2,-0.008,-0.247,1.135,2,0.155,0.116,1.352,2,0.196,-0.103,1.451,2,0.236,-0.263,1.320,2,0.272,-0.265,1.252,2,-0.101,-0.369,1.265,1,-0.169,-0.772,1.241,1,-0.228,-1.124,1.243,1,-0.177,-1.134,1.123,2,0.031,-0.379,1.313,1,0.096,-0.780,1.213,1,0.157,-1.151,1.143,1,0.201,-1.120,1.030,2,-0.032,0.138,1.279,2,0.058,-0.250,1.105,2,-0.013,-0.320,1.174,2,0.288,-0.273,1.210,2,0.268,-0.300,1.273,0
3.775|kb,47319018465620000,6,25,0,0,0,0,1,72057594037953393,2,-0.036,-0.384,1.325,2,-0.035,-0.081,1.305,2,-0.031,0.209,1.268,2,0.031,0.337,1.194,2,-0.156,0.101,1.191,2,-0.243,-0.095,1.195,2,-0.086,-0.223,1.142,2,-0.012,-0.242,1.130,2,0.156,0.115,1.352,2,0.201,-0.102,1.450,2,0.246,-0.263,1.322,2,0.279,-0.266,1.254,2,-0.101,-0.369,1.266,1,-0.167,-0.772,1.242,1,-0.225,-1.125,1.245,1,-0.173,-1.135,1.124,2,0.031,-0.379,1.313,1,0.097,-0.780,1.213,1,0.158,-1.150,1.143,1,0.202,-1.120,1.030,2,-0.032,0.138,1.279,2,0.052,-0.248,1.104,2,-0.007,-0.318,1.175,2,0.294,-0.274,1.210,2,0.280,-0.309,1.279,0
3.814|kb,47319025174600000,6,25,0,0,0,0,1,72057594037953393,2,-0.036,-0.384,1.326,2,-0.035,-0.082,1.306,2,-0.031,0.209,1.268,2,0.031,0.336,1.192,2,-0.156,0.102,1.192,2,-0.246,-0.094,1.195,2,-0.089,-0.221,1.140,2,-0.015,-0.239,1.119,2,0.158,0.115,1.352,2,0.209,-0.099,1.449,2,0.246,-0.264,1.323,2,0.270,-0.272,1.251,2,-0.101,-0.369,1.270,1,-0.163,-0.773,1.245,1,-0.218,-1.127,1.247,1,-0.167,-1.136,1.126,2,0.031,-0.379,1.313,1,0.097,-0.780,1.213,1,0.159,-1.150,1.143,1,0.203,-1.120,1.030,2,-0.032,0.138,1.280,2,0.045,-0.247,1.095,2,-0.002,-0.316,1.166,2,0.284,-0.285,1.206,2,0.269,-0.312,1.277,0
3.859|kb,47319028461920000,6,25,0,0,0,0,1,72057594037953393,2,-0.036,-0.384,1.326,2,-0.035,-0.081,1.306,2,-0.031,0.209,1.268,2,0.031,0.335,1.190,2,-0.156,0.102,1.193,2,-0.247,-0.093,1.195,2,-0.090,-0.221,1.139,2,-0.017,-0.238,1.115,2,0.159,0.115,1.352,2,0.212,-0.097,1.447,2,0.245,-0.264,1.323,2,0.262,-0.273,1.246,2,-0.101,-0.369,1.271,1,-0.160,-0.773,1.246,1,-0.213,-1.128,1.248,1,-0.162,-1.136,1.127,2,0.031,-0.379,1.314,1,0.098,-0.780,1.213,1,0.159,-1.150,1.143,1,0.203,-1.120,1.030,2,-0.032,0.138,1.280,2,0.041,-0.248,1.089,2,-0.010,-0.312,1.170,2,0.275,-0.290,1.202,2,0.262,-0.318,1.278,0
3.897|kb,47319031768920000,6,25,0,0,0,0,1,72057594037953393,2,-0.036,-0.384,1.327,2,-0.035,-0.081,1.306,2,-0.031,0.209,1.269,2,0.031,0.335,1.189,2,-0.164,0.104,1.199,2,-0.248,-0.093,1.195,2,-0.091,-0.220,1.138,2,-0.016,-0.236,1.112,2,0.159,0.115,1.351,2,0.214,-0.096,1.445,2,0.244,-0.264,1.322,2,0.254,-0.273,1.241,2,-0.102,-0.369,1.272,1,-0.160,-0.774,1.246,1,-0.212,-1.128,1.247,1,-0.163,-1.136,1.124,2,0.031,-0.379,1.314,1,0.098,-0.780,1.213,1,0.159,-1.150,1.143,1,0.200,-1.120,1.028,2,-0.032,0.138,1.280,2,0.041,-0.245,1.087,2,-0.009,-0.313,1.169,2,0.265,-0.291,1.198,2,0.256,-0.323,1.278,0
3.936|kb,47319035164020000,6,25,0,0,0,0,1,72057594037953393,2,-0.036,-0.384,1.327,2,-0.035,-0.081,1.306,2,-0.031,0.209,1.269,2,0.030,0.335,1.189,2,-0.163,0.104,1.199,2,-0.248,-0.093,1.195,2,-0.091,-0.220,1.137,2,-0.017,-0.234,1.108,2,0.160,0.115,1.351,2,0.216,-0.094,1.442,2,0.241,-0.264,1.320,2,0.248,-0.273,1.237,2,-0.102,-0.369,1.272,1,-0.160,-0.773,1.246,1,-0.213,-1.128,1.246,1,-0.164,-1.136,1.124,2,0.031,-0.379,1.314,1,0.098,-0.780,1.213,1,0.159,-1.150,1.143,1,0.200,-1.120,1.028,2,-0.032,0.138,1.280,2,0.040,-0.243,1.083,2,-0.003,-0.306,1.160,2,0.257,-0.291,1.194,2,0.248,-0.320,1.267,0
3.973|kb,47319038466410000,6,25,0,0,0,0,1,72057594037953393,2,-0.036,-0.384,1.327,2,-0.035,-0.081,1.306,2,-0.031,0.209,1.269,2,0.030,0.334,1.188,2,-0.163,0.103,1.198,2,-0.248,-0.094,1.195,2,-0.091,-0.219,1.135,2,-0.017,-0.232,1.105,2,0.160,0.115,1.351,2,0.216,-0.093,1.439,2,0.238,-0.263,1.316,2,0.243,-0.272,1.232,2,-0.102,-0.369,1.273,1,-0.159,-0.774,1.246,1,-0.211,-1.128,1.246,1,-0.162,-1.136,1.124,2,0.031,-0.379,1.314,1,0.097,-0.780,1.212,1,0.158,-1.150,1.143,1,0.199,-1.120,1.028,2,-0.032,0.138,1.280,2,0.041,-0.239,1.077,2,-0.004,-0.266,1.134,2,0.251,-0.291,1.190,2,0.242,-0.318,1.264,0
4.010|kb,47319041771040000,6,25,0,0,0,0,1,72057594037953393,2,-0.036,-0.384,1.327,2,-0.034,-0.081,1.306,2,-0.031,0.209,1.269,2,0.030,0.334,1.187,2,-0.162,0.103,1.198,2,-0.249,-0.094,1.195,2,-0.091,-0.218,1.134,2,-0.015,-0.230,1.106,2,0.161,0.115,1.350,2,0.216,-0.093,1.437,2,0.233,-0.260,1.310,2,0.239,-0.272,1.231,2,-0.101,-0.369,1.273,1,-0.160,-0.773,1.246,1,-0.212,-1.128,1.246,1,-0.164,-1.136,1.124,2,0.031,-0.379,1.314,1,0.097,-0.780,1.213,1,0.157,-1.150,1.144,1,0.198,-1.120,1.028,2,-0.032,0.138,1.280,2,0.041,-0.239,1.078,2,0.014,-0.265,1.105,2,0.247,-0.290,1.187,2,0.239,-0.318,1.256,0
4.069|kb,47319048466350000,6,25,0,0,0,0,1,72057594037953393,2,-0.036,-0.384,1.327,2,-0.034,-0.081,1.306,2,-0.031,0.209,1.269,2,0.030,0.334,1.187,2,-0.162,0.103,1.198,2,-0.249,-0.094,1.195,2,-0.091,-0.218,1.133,2,-0.013,-0.228,1.106,2,0.161,0.115,1.350,2,0.214,-0.094,1.435,2,0.229,-0.259,1.306,2,0.235,-0.273,1.228,2,-0.101,-0.369,1.273,1,-0.160,-0.773,1.246,1,-0.213,-1.128,1.246,1,-0.165,-1.136,1.124,2,0.031,-0.379,1.314,1,0.097,-0.780,1.213,1,0.157,-1.150,1.144,1,0.198,-1.121,1.028,2,-0.032,0.138,1.280,2,0.046,-0.237,1.078,2,0.028,-0.267,1.124,2,0.244,-0.288,1.184,2,0.233,-0.320,1.260,0
4.106|kb,47319051776890000,6,25,0,0,0,0,1,72057594037953393,2,-0.036,-0.384,1.327,2,-0.034,-0.081,1.307,2,-0.031,0.209,1.269,2,0.029,0.334,1.186,2,-0.162,0.103,1.197,2,-0.248,-0.094,1.194,2,-0.091,-0.217,1.132,2,-0.013,-0.228,1.105,2,0.161,0.115,1.350,2,0.213,-0.094,1.433,2,0.226,-0.259,1.303,2,0.234,-0.273,1.226,2,-0.101,-0.369,1.273,1,-0.160,-0.773,1.246,1,-0.212,-1.128,1.246,1,-0.164,-1.136,1.124,2,0.032,-0.379,1.314,1,0.097,-0.781,1.213,1,0.156,-1.150,1.144,1,0.198,-1.121,1.029,2,-0.032,0.138,1.280,2,0.044,-0.237,1.075,2,0.004,-0.260,1.154,2,0.243,-0.288,1.182,2,0.234,-0.322,1.259,0
4.141|kb,47319055164040000,6,25,0,0,0,0,1,72057594037953393,2,-0.035,-0.384,1.327,2,-0.034,-0.081,1.307,2,-0.031,0.209,1.269,2,0.029,0.334,1.185,2,-0.161,0.103,1.197,2,-0.248,-0.094,1.194,2,-0.090,-0.217,1.131,2,-0.012,-0.226,1.104,2,0.161,0.115,1.350,2,0.212,-0.094,1.432,2,0.225,-0.259,1.302,2,0.234,-0.273,1.225,2,-0.101,-0.369,1.273,1,-0.159,-0.774,1.246,1,-0.210,-1.129,1.246,1,-0.162,-1.136,1.124,2,0.032,-0.379,1.314,1,0.096,-0.781,1.213,1,0.155,-1.150,1.144,1,0.197,-1.121,1.029,2,-0.032,0.138,1.280,2,0.047,-0.236,1.075,2,-0.010,-0.193,1.178,2,0.242,-0.288,1.180,2,0.231,-0.319,1.254,0
4.179|kb,47319061777940000,6,25,0,0,0,0,1,72057594037953393,2,-0.035,-0.384,1.327,2,-0.033,-0.082,1.305,2,-0.030,0.207,1.263,2,0.029,0.334,1.184,2,-0.161,0.103,1.196,2,-0.248,-0.094,1.192,2,-0.089,-0.216,1.129,2,-0.012,-0.227,1.101,2,0.162,0.115,1.349,2,0.211,-0.095,1.430,2,0.224,-0.260,1.300,2,0.235,-0.272,1.224,2,-0.100,-0.369,1.273,1,-0.159,-0.773,1.246,1,-0.211,-1.129,1.246,1,-0.163,-1.136,1.124,2,0.033,-0.379,1.313,1,0.096,-0.781,1.213,1,0.154,-1.151,1.145,1,0.195,-1.122,1.030,2,-0.030,0.136,1.276,2,0.047,-0.235,1.073,2,-0.007,-0.194,1.172,2,0.243,-0.288,1.179,2,0.234,-0.318,1.258,0
4.214|kb,47319065163830000,6,25,0,0,0,0,1,72057594037953393,2,-0.034,-0.384,1.327,2,-0.033,-0.082,1.304,2,-0.029,0.206,1.262,2,0.029,0.334,1.183,2,-0.164,0.104,1.197,2,-0.249,-0.095,1.191,2,-0.089,-0.215,1.127,2,-0.012,-0.226,1.100,2,0.162,0.115,1.349,2,0.211,-0.095,1.429,2,0.224,-0.260,1.300,2,0.237,-0.272,1.223,2,-0.100,-0.369,1.273,1,-0.159,-0.773,1.246,1,-0.212,-1.128,1.246,1,-0.164,-1.136,1.124,2,0.033,-0.379,1.313,1,0.095,-0.781,1.213,1,0.153,-1.151,1.145,1,0.194,-1.123,1.030,2,-0.030,0.136,1.275,2,0.047,-0.235,1.072,2,0.023,-0.261,1.097,2,0.244,-0.287,1.180,2,0.235,-0.316,1.250,0
4.250|kb,47319068462100000,6,25,0,0,0,0,1,72057594037953393,2,-0.034,-0.384,1.327,2,-0.032,-0.082,1.304,2,-0.029,0.206,1.261,2,0.029,0.334,1.182,2,-0.165,0.104,1.198,2,-0.249,-0.095,1.189,2,-0.089,-0.215,1.125,2,-0.011,-0.225,1.096,2,0.162,0.116,1.349,2,0.211,-0.094,1.429,2,0.224,-0.260,1.299,2,0.240,-0.270,1.222,2,-0.100,-0.369,1.273,1,-0.159,-0.773,1.246,1,-0.212,-1.128,1.246,1,-0.165,-1.136,1.123,2,0.033,-0.379,1.313,1,0.095,-0.781,1.213,1,0.151,-1.151,1.146,1,0.192,-1.123,1.030,2,-0.030,0.136,1.275,2,0.047,-0.234,1.071,2,0.000,-0.264,1.065,2,0.248,-0.285,1.177,2,0.237,-0.315,1.255,0
4.287|kb,47319071768960000,6,25,0,0,0,0,1,72057594037953393,2,-0.034,-0.384,1.327,2,-0.032,-0.082,1.303,2,-0.029,0.206,1.261,2,0.029,0.334,1.182,2,-0.166,0.104,1.198,2,-0.249,-0.096,1.188,2,-0.088,-0.214,1.124,2,-0.012,-0.223,1.093,2,0.163,0.116,1.345,2,0.211,-0.094,1.428,2,0.225,-0.260,1.298,2,0.243,-0.268,1.219,2,-0.100,-0.369,1.273,1,-0.159,-0.773,1.246,1,-0.212,-1.129,1.246,1,-0.166,-1.136,1.122,2,0.034,-0.379,1.313,1,0.094,-0.781,1.213,1,0.151,-1.151,1.146,1,0.190,-1.124,1.030,2,-0.030,0.136,1.274,2,0.047,-0.231,1.069,2,0.024,-0.260,1.101,2,0.251,-0.281,1.175,2,0.243,-0.313,1.249,0
4.324|kb,47319075160810000,6,25,0,0,0,0,1,72057594037953393,2,-0.034,-0.384,1.327,2,-0.032,-0.083,1.303,2,-0.029,0.205,1.260,2,0.029,0.334,1.182,2,-0.167,0.105,1.198,2,-0.250,-0.096,1.186,2,-0.088,-0.213,1.121,2,-0.012,-0.222,1.089,2,0.163,0.116,1.345,2,0.211,-0.094,1.427,2,0.226,-0.259,1.298,2,0.246,-0.266,1.216,2,-0.100,-0.368,1.273,1,-0.159,-0.773,1.246,1,-0.211,-1.129,1.245,1,-0.165,-1.136,1.122,2,0.034,-0.379,1.313,1,0.094,-0.781,1.214,1,0.150,-1.151,1.147,1,0.189,-1.124,1.030,2,-0.029,0.135,1.274,2,0.047,-0.230,1.066,2,-0.017,-0.190,1.174,2,0.255,-0.280,1.174,2,0.247,-0.311,1.242,0
4.359|kb,47319078460920000,6,25,0,0,0,0,1,72057594037953393,2,-0.034,-0.383,1.327,2,-0.031,-0.083,1.303,2,-0.028,0.205,1.260,2,0.029,0.334,1.181,2,-0.167,0.105,1.198,2,-0.250,-0.096,1.184,2,-0.088,-0.212,1.119,2,-0.011,-0.221,1.086,2,0.163,0.116,1.345,2,0.212,-0.094,1.426,2,0.228,-0.259,1.297,2,0.250,-0.266,1.217,2,-0.100,-0.368,1.273,1,-0.158,-0.773,1.245,1,-0.210,-1.129,1.245,1,-0.164,-1.136,1.122,2,0.034,-0.379,1.312,1,0.095,-0.781,1.214,1,0.150,-1.151,1.147,1,0.189,-1.124,1.031,2,-0.029,0.135,1.273,2,0.047,-0.229,1.063,2,-0.017,-0.190,1.174,2,0.258,-0.278,1.174,2,0.251,-0.311,1.247,0
4.395|kb,47319081771170000,6,25,0,0,0,0,1,72057594037953393,2,-0.034,-0.383,1.327,2,-0.031,-0.083,1.302,2,-0.028,0.205,1.259,2,0.029,0.334,1.181,2,-0.168,0.105,1.198,2,-0.251,-0.096,1.183,2,-0.088,-0.212,1.117,2,-0.012,-0.223,1.084,2,0.163,0.116,1.345,2,0.212,-0.094,1.426,2,0.230,-0.258,1.295,2,0.253,-0.265,1.217,2,-0.100,-0.368,1.273,1,-0.158,-0.773,1.245,1,-0.210,-1.129,1.245,1,-0.164,-1.136,1.121,2,0.034,-0.379,1.312,1,0.094,-0.781,1.214,1,0.150,-1.152,1.148,1,0.189,-1.124,1.031,2,-0.029,0.135,1.273,2,0.049,-0.227,1.062,2,0.003,-0.293,1.140,2,0.262,-0.277,1.172,2,0.255,-0.311,1.242,0
4.430|kb,47319085164040000,6,25,0,0,0,0,1,72057594037953393,2,-0.033,-0.383,1.327,2,-0.031,-0.083,1.302,2,-0.028,0.205,1.259,2,0.029,0.334,1.181,2,-0.168,0.105,1.198,2,-0.251,-0.097,1.182,2,-0.088,-0.211,1.116,2,-0.011,-0.222,1.082,2,0.163,0.116,1.345,2,0.213,-0.094,1.425,2,0.232,-0.258,1.294,2,0.256,-0.265,1.215,2,-0.099,-0.368,1.273,1,-0.158,-0.773,1.245,1,-0.211,-1.129,1.244,1,-0.165,-1.136,1.121,2,0.035,-0.379,1.312,1,0.094,-0.781,1.214,1,0.149,-1.152,1.148,1,0.189,-1.124,1.032,2,-0.029,0.135,1.272,2,0.049,-0.227,1.060,2,0.004,-0.267,1.075,2,0.265,-0.277,1.170,2,0.258,-0.310,1.243,0
4.466|kb,47319088464060000,6,25,0,0,0,0,1,72057594037953393,2,-0.033,-0.383,1.327,2,-0.031,-0.083,1.302,2,-0.028,0.205,1.259,2,0.029,0.334,1.180,2,-0.168,0.105,1.198,2,-0.251,-0.097,1.180,2,-0.088,-0.211,1.114,2,-0.009,-0.222,1.084,2,0.163,0.116,1.345,2,0.214,-0.094,1.424,2,0.234,-0.258,1.293,2,0.259,-0.265,1.216,2,-0.099,-0.368,1.273,1,-0.158,-0.773,1.245,1,-0.210,-1.129,1.244,1,-0.164,-1.136,1.121,2,0.035,-0.378,1.312,1,0.094,-0.781,1.214,1,0.149,-1.152,1.148,1,0.188,-1.124,1.032,2,-0.029,0.135,1.272,2,0.048,-0.230,1.061,2,0.013,-0.198,1.160,2,0.268,-0.278,1.171,2,0.263,-0.311,1.244,0
4.505|kb,47319091769750000,6,25,0,0,0,0,1,72057594037953393,2,-0.033,-0.383,1.327,2,-0.031,-0.083,1.302,2,-0.028,0.205,1.258,2,0.029,0.334,1.180,2,-0.169,0.105,1.198,2,-0.251,-0.097,1.179,2,-0.087,-0.211,1.114,2,-0.008,-0.224,1.085,2,0.163,0.116,1.345,2,0.214,-0.094,1.424,2,0.235,-0.258,1.294,2,0.262,-0.267,1.217,2,-0.099,-0.368,1.272,1,-0.157,-0.773,1.244,1,-0.210,-1.129,1.243,1,-0.164,-1.136,1.120,2,0.035,-0.378,1.312,1,0.094,-0.781,1.214,1,0.149,-1.152,1.149,1,0.188,-1.125,1.032,2,-0.029,0.135,1.272,2,0.050,-0.232,1.064,2,0.004,-0.200,1.154,2,0.272,-0.281,1.173,2,0.268,-0.313,1.243,0
4.540|kb,47319095163540000,6,25,0,0,0,0,1,72057594037953393,2,-0.033,-0.383,1.327,2,-0.031,-0.083,1.301,2,-0.028,0.205,1.258,2,0.029,0.334,1.180,2,-0.169,0.105,1.198,2,-0.251,-0.097,1.179,2,-0.087,-0.211,1.114,2,-0.007,-0.226,1.086,2,0.163,0.116,1.345,2,0.215,-0.094,1.424,2,0.237,-0.259,1.294,2,0.264,-0.270,1.219,2,-0.099,-0.368,1.272,1,-0.157,-0.773,1.244,1,-0.210,-1.129,1.244,1,-0.164,-1.136,1.121,2,0.035,-0.378,1.312,1,0.094,-0.781,1.215,1,0.148,-1.152,1.149,1,0.187,-1.125,1.033,2,-0.029,0.135,1.272,2,0.053,-0.234,1.067,2,0.034,-0.200,1.088,2,0.274,-0.287,1.175,2,0.273,-0.316,1.239,0
4.579|kb,47319101769160000,6,25,0,0,0,0,1,72057594037953393,2,-0.032,-0.383,1.326,2,-0.030,-0.083,1.301,2,-0.028,0.205,1.258,2,0.030,0.335,1.179,2,-0.169,0.106,1.197,2,-0.252,-0.097,1.177,2,-0.087,-0.211,1.114,2,-0.006,-0.227,1.090,2,0.164,0.116,1.345,2,0.215,-0.095,1.423,2,0.239,-0.262,1.296,2,0.265,-0.278,1.222,2,-0.098,-0.368,1.272,1,-0.157,-0.773,1.244,1,-0.210,-1.128,1.244,1,-0.164,-1.136,1.121,2,0.036,-0.378,1.311,1,0.093,-0.781,1.215,1,0.147,-1.152,1.150,1,0.186,-1.125,1.033,2,-0.028,0.135,1.271,2,0.055,-0.235,1.068,2,-0.009,-0.242,1.040,2,0.276,-0.295,1.176,2,0.272,-0.325,1.252,0
4.621|kb,47319105164550000,6,25,0,0,0,0,1,72057594037953393,2,-0.032,-0.383,1.326,2,-0.030,-0.083,1.300,2,-0.027,0.205,1.257,2,0.030,0.335,1.179,2,-0.169,0.106,1.197,2,-0.252,-0.097,1.176,2,-0.087,-0.211,1.113,2,-0.006,-0.227,1.091,2,0.164,0.116,1.345,2,0.215,-0.096,1.422,2,0.240,-0.263,1.297,2,0.265,-0.281,1.223,2,-0.098,-0.368,1.271,1,-0.157,-0.773,1.244,1,-0.209,-1.128,1.244,1,-0.163,-1.136,1.121,2,0.036,-0.378,1.311,1,0.093,-0.781,1.215,1,0.146,-1.152,1.150,1,0.186,-1.126,1.034,2,-0.028,0.135,1.271,2,0.054,-0.237,1.069,2,-0.007,-0.240,1.040,2,0.276,-0.299,1.179,2,0.274,-0.326,1.241,0
4.658|kb,47319108462090000,6,25,0,0,0,0,1,72057594037953393,2,-0.032,-0.383,1.325,2,-0.030,-0.083,1.300,2,-0.027,0.205,1.257,2,0.030,0.335,1.179,2,-0.169,0.106,1.197,2,-0.252,-0.097,1.175,2,-0.086,-0.209,1.113,2,-0.006,-0.227,1.088,2,0.164,0.116,1.345,2,0.215,-0.096,1.422,2,0.241,-0.264,1.298,2,0.264,-0.283,1.225,2,-0.098,-0.368,1.271,1,-0.156,-0.773,1.244,1,-0.208,-1.128,1.245,1,-0.162,-1.136,1.122,2,0.036,-0.378,1.310,1,0.093,-0.781,1.215,1,0.146,-1.152,1.151,1,0.185,-1.126,1.034,2,-0.028,0.135,1.270,2,0.057,-0.236,1.069,2,-0.011,-0.249,1.041,2,0.275,-0.302,1.180,2,0.272,-0.330,1.246,0
4.696|kb,47319111770010000,6,25,0,0,0,0,1,72057594037953393,2,-0.032,-0.383,1.325,2,-0.030,-0.083,1.300,2,-0.027,0.205,1.257,2,0.030,0.335,1.178,2,-0.170,0.106,1.196,2,-0.251,-0.097,1.175,2,-0.086,-0.210,1.112,2,-0.007,-0.228,1.089,2,0.164,0.116,1.345,2,0.215,-0.096,1.422,2,0.242,-0.266,1.300,2,0.263,-0.287,1.227,2,-0.098,-0.368,1.270,1,-0.155,-0.773,1.244,1,-0.207,-1.129,1.245,1,-0.161,-1.136,1.122,2,0.036,-0.378,1.310,1,0.093,-0.781,1.215,1,0.146,-1.152,1.151,1,0.186,-1.126,1.034,2,-0.028,0.135,1.270,2,0.055,-0.238,1.067,2,0.022,-0.211,1.038,2,0.274,-0.306,1.182,2,0.268,-0.327,1.240,0
4.732|kb,47319115166470000,6,25,0,0,0,0,1,72057594037953393,2,-0.031,-0.383,1.324,2,-0.029,-0.083,1.299,2,-0.027,0.205,1.257,2,0.030,0.336,1.178,2,-0.170,0.106,1.196,2,-0.251,-0.097,1.174,2,-0.086,-0.209,1.111,2,-0.007,-0.228,1.087,2,0.164,0.116,1.344,2,0.215,-0.097,1.422,2,0.243,-0.268,1.303,2,0.263,-0.292,1.231,2,-0.097,-0.368,1.270,1,-0.155,-0.773,1.244,1,-0.206,-1.129,1.244,1,-0.160,-1.136,1.122,2,0.036,-0.378,1.310,1,0.095,-0.781,1.214,1,0.148,-1.152,1.151,1,0.188,-1.125,1.034,2,-0.028,0.135,1.270,2,0.054,-0.239,1.064,2,-0.013,-0.251,1.039,2,0.275,-0.314,1.186,2,0.253,-0.325,1.257,0
4.766|kb,47319118462760000,6,25,0,0,0,0,1,72057594037953393,2,-0.031,-0.383,1.323,2,-0.029,-0.083,1.298,2,-0.027,0.205,1.256,2,0.030,0.336,1.177,2,-0.165,0.105,1.193,2,-0.251,-0.097,1.174,2,-0.085,-0.209,1.110,2,-0.009,-0.231,1.084,2,0.164,0.116,1.344,2,0.216,-0.099,1.421,2,0.244,-0.272,1.305,2,0.263,-0.300,1.235,2,-0.097,-0.368,1.269,1,-0.154,-0.773,1.243,1,-0.204,-1.129,1.244,1,-0.157,-1.136,1.122,2,0.037,-0.378,1.309,1,0.095,-0.781,1.214,1,0.149,-1.152,1.151,1,0.191,-1.125,1.035,2,-0.028,0.135,1.269,2,0.052,-0.241,1.059,2,-0.022,-0.238,1.038,2,0.276,-0.325,1.194,2,0.243,-0.320,1.251,0
4.803|kb,47319121771940000,6,25,0,0,0,0,1,72057594037953393,2,-0.031,-0.383,1.323,2,-0.029,-0.083,1.298,2,-0.027,0.205,1.256,2,0.031,0.336,1.176,2,-0.165,0.105,1.192,2,-0.251,-0.097,1.174,2,-0.085,-0.210,1.109,2,-0.009,-0.234,1.083,2,0.164,0.116,1.344,2,0.216,-0.101,1.421,2,0.245,-0.278,1.313,2,0.263,-0.312,1.246,2,-0.096,-0.368,1.268,1,-0.154,-0.773,1.243,1,-0.205,-1.129,1.245,1,-0.158,-1.136,1.123,2,0.037,-0.378,1.308,1,0.096,-0.781,1.214,1,0.151,-1.152,1.151,1,0.192,-1.125,1.034,2,-0.027,0.135,1.269,2,0.051,-0.247,1.060,2,-0.017,-0.245,1.033,2,0.277,-0.339,1.204,2,0.238,-0.326,1.264,0
4.843|kb,47319128465210000,6,25,0,0,0,0,1,72057594037953393,2,-0.029,-0.383,1.321,2,-0.028,-0.083,1.297,2,-0.026,0.205,1.255,2,0.031,0.335,1.174,2,-0.166,0.106,1.192,2,-0.250,-0.096,1.172,2,-0.089,-0.214,1.106,2,-0.014,-0.243,1.078,2,0.165,0.116,1.343,2,0.217,-0.110,1.421,2,0.249,-0.293,1.325,2,0.266,-0.343,1.269,2,-0.095,-0.368,1.266,1,-0.155,-0.772,1.243,1,-0.208,-1.128,1.246,1,-0.161,-1.136,1.124,2,0.038,-0.378,1.306,1,0.102,-0.781,1.212,1,0.160,-1.151,1.150,1,0.201,-1.124,1.034,2,-0.027,0.135,1.268,2,0.044,-0.258,1.054,2,-0.028,-0.265,1.032,2,0.281,-0.378,1.230,2,0.262,-0.392,1.295,0
4.883|kb,47319131773570000,6,25,0,0,0,0,1,72057594037953393,2,-0.028,-0.383,1.320,2,-0.027,-0.083,1.296,2,-0.026,0.205,1.255,2,0.032,0.335,1.174,2,-0.166,0.107,1.191,2,-0.250,-0.096,1.172,2,-0.092,-0.217,1.105,2,-0.019,-0.250,1.075,2,0.165,0.116,1.343,2,0.218,-0.112,1.420,2,0.252,-0.298,1.333,2,0.266,-0.357,1.289,2,-0.094,-0.368,1.265,1,-0.155,-0.772,1.243,1,-0.210,-1.127,1.247,1,-0.163,-1.135,1.125,2,0.039,-0.378,1.305,1,0.102,-0.781,1.212,1,0.159,-1.151,1.151,1,0.201,-1.124,1.035,2,-0.026,0.135,1.267,2,0.039,-0.266,1.048,2,-0.034,-0.257,1.028,2,0.281,-0.401,1.248,2,0.244,-0.380,1.302,0
4.918|kb,47319135160960000,6,25,0,0,0,0,1,72057594037953393,2,-0.027,-0.383,1.318,2,-0.027,-0.083,1.295,2,-0.026,0.205,1.254,2,0.032,0.335,1.174,2,-0.166,0.107,1.191,2,-0.249,-0.095,1.172,2,-0.097,-0.223,1.103,2,-0.029,-0.266,1.073,2,0.165,0.116,1.343,2,0.220,-0.115,1.420,2,0.254,-0.305,1.341,2,0.268,-0.373,1.305,2,-0.094,-0.368,1.264,1,-0.153,-0.772,1.243,1,-0.206,-1.128,1.248,1,-0.159,-1.136,1.126,2,0.041,-0.378,1.303,1,0.102,-0.781,1.213,1,0.158,-1.151,1.154,1,0.199,-1.125,1.038,2,-0.026,0.135,1.267,2,0.024,-0.286,1.041,2,-0.028,-0.315,1.045,2,0.282,-0.425,1.271,2,0.239,-0.384,1.321,0
4.955|kb,47319138462050000,6,25,0,0,0,0,1,72057594037953393,2,-0.027,-0.383,1.317,2,-0.026,-0.082,1.294,2,-0.025,0.205,1.254,2,0.032,0.336,1.173,2,-0.166,0.108,1.190,2,-0.248,-0.095,1.172,2,-0.104,-0.237,1.101,2,-0.043,-0.286,1.072,2,0.166,0.115,1.342,2,0.222,-0.118,1.419,2,0.258,-0.321,1.353,2,0.269,-0.390,1.324,2,-0.094,-0.368,1.263,1,-0.153,-0.772,1.243,1,-0.205,-1.128,1.249,1,-0.158,-1.136,1.127,2,0.041,-0.378,1.301,1,0.102,-0.781,1.214,1,0.157,-1.152,1.157,1,0.198,-1.126,1.040,2,-0.026,0.135,1.267,2,0.003,-0.312,1.035,2,-0.055,-0.296,1.017,2,0.280,-0.446,1.298,2,0.242,-0.406,1.342,0
4.992|kb,47319141768420000,6,25,0,0,0,0,1,72057594037953393,2,-0.026,-0.383,1.316,2,-0.026,-0.082,1.294,2,-0.025,0.205,1.254,2,0.032,0.336,1.173,2,-0.167,0.108,1.190,2,-0.248,-0.095,1.174,2,-0.127,-0.253,1.107,2,-0.067,-0.313,1.078,2,0.166,0.116,1.341,2,0.227,-0.123,1.420,2,0.263,-0.326,1.367,2,0.268,-0.408,1.347,2,-0.093,-0.368,1.263,1,-0.152,-0.772,1.243,1,-0.205,-1.127,1.249,1,-0.159,-1.136,1.127,2,0.043,-0.377,1.300,1,0.101,-0.781,1.214,1,0.155,-1.152,1.158,1,0.196,-1.126,1.042,2,-0.025,0.135,1.266,2,-0.026,-0.349,1.037,2,-0.079,-0.320,1.022,2,0.270,-0.465,1.331,2,0.242,-0.419,1.372,0
5.031|kb,47319145160750000,6,25,0,0,0,0,1,72057594037953393,2,-0.025,-0.382,1.315,2,-0.025,-0.082,1.293,2,-0.025,0.205,1.254,2,0.032,0.336,1.173,2,-0.167,0.109,1.190,2,-0.249,-0.096,1.176,2,-0.145,-0.271,1.114,2,-0.095,-0.341,1.088,2,0.166,0.115,1.341,2,0.231,-0.128,1.419,2,0.268,-0.341,1.382,2,0.267,-0.418,1.369,2,-0.093,-0.368,1.262,1,-0.155,-0.772,1.236,1,-0.210,-1.127,1.238,1,-0.164,-1.135,1.115,2,0.045,-0.376,1.299,1,0.099,-0.780,1.213,1,0.150,-1.151,1.159,1,0.190,-1.126,1.042,2,-0.025,0.136,1.266,2,-0.056,-0.385,1.044,2,-0.110,-0.342,1.032,2,0.268,-0.477,1.357,2,0.240,-0.440,1.401,0
5.066|kb,47319148464410000,6,25,0,0,0,0,1,72057594037953393,2,-0.023,-0.382,1.314,2,-0.025,-0.082,1.293,2,-0.025,0.206,1.254,2,0.032,0.337,1.173,2,-0.170,0.109,1.191,2,-0.251,-0.098,1.183,2,-0.176,-0.313,1.131,2,-0.132,-0.369,1.085,2,0.167,0.115,1.340,2,0.235,-0.132,1.420,2,0.271,-0.347,1.395,2,0.266,-0.426,1.393,2,-0.092,-0.368,1.261,1,-0.153,-0.772,1.236,1,-0.208,-1.128,1.238,1,-0.162,-1.135,1.115,2,0.049,-0.374,1.297,1,0.096,-0.780,1.213,1,0.141,-1.151,1.159,1,0.181,-1.127,1.041,2,-0.025,0.136,1.266,2,-0.097,-0.427,1.059,2,-0.093,-0.353,1.053,2,0.267,-0.487,1.387,2,0.240,-0.443,1.449,0
5.104|kb,47319151770780000,6,25,0,0,0,0,1,72057594037953393,2,-0.022,-0.381,1.313,2,-0.024,-0.081,1.293,2,-0.025,0.206,1.254,2,0.031,0.338,1.174,2,-0.173,0.110,1.193,2,-0.255,-0.101,1.190,2,-0.188,-0.327,1.130,2,-0.164,-0.400,1.096,2,0.167,0.115,1.340,2,0.236,-0.132,1.420,2,0.274,-0.348,1.408,2,0.268,-0.429,1.410,2,-0.092,-0.368,1.261,1,-0.150,-0.772,1.236,1,-0.202,-1.128,1.238,1,-0.157,-1.135,1.114,2,0.050,-0.373,1.296,1,0.093,-0.779,1.211,1,0.134,-1.151,1.157,1,0.173,-1.127,1.039,2,-0.025,0.136,1.266,2,-0.140,-0.466,1.081,2,-0.132,-0.395,1.116,2,0.268,-0.494,1.411,2,0.241,-0.444,1.460,0
5.140|kb,47319155166900000,6,25,0,0,0,0,1,72057594037953393,2,-0.023,-0.381,1.312,2,-0.024,-0.081,1.292,2,-0.025,0.206,1.254,2,0.030,0.340,1.175,2,-0.172,0.109,1.193,2,-0.260,-0.106,1.196,2,-0.224,-0.361,1.143,2,-0.207,-0.428,1.113,2,0.167,0.115,1.340,2,0.237,-0.132,1.421,2,0.275,-0.348,1.415,2,0.270,-0.429,1.419,2,-0.092,-0.368,1.261,1,-0.149,-0.773,1.235,1,-0.200,-1.129,1.237,1,-0.155,-1.135,1.113,2,0.049,-0.374,1.295,1,0.093,-0.779,1.210,1,0.135,-1.151,1.156,1,0.174,-1.127,1.038,2,-0.025,0.136,1.266,2,-0.190,-0.495,1.099,2,-0.171,-0.417,1.085,2,0.269,-0.496,1.424,2,0.245,-0.443,1.474,0
5.179|kb,47319161767710000,6,25,0,0,0,0,1,72057594037953393,2,-0.032,-0.381,1.311,2,-0.029,-0.080,1.292,2,-0.027,0.207,1.255,2,0.024,0.346,1.178,2,-0.191,0.107,1.204,2,-0.274,-0.123,1.209,2,-0.283,-0.370,1.176,2,-0.291,-0.446,1.154,2,0.166,0.115,1.340,2,0.238,-0.131,1.424,2,0.276,-0.346,1.422,2,0.275,-0.426,1.424,2,-0.102,-0.367,1.260,1,-0.145,-0.773,1.235,1,-0.185,-1.131,1.237,1,-0.144,-1.136,1.112,2,0.040,-0.375,1.293,1,0.097,-0.779,1.208,1,0.148,-1.149,1.154,1,0.184,-1.125,1.034,2,-0.027,0.137,1.267,2,-0.295,-0.528,1.156,2,-0.266,-0.439,1.098,2,0.273,-0.499,1.434,2,0.248,-0.445,1.474,0
5.218|kb,47319165162230000,6,25,0,0,0,0,1,72057594037953393,2,-0.034,-0.380,1.310,2,-0.030,-0.080,1.292,2,-0.028,0.208,1.256,2,0.020,0.349,1.180,2,-0.195,0.109,1.208,2,-0.281,-0.125,1.215,2,-0.316,-0.371,1.193,2,-0.333,-0.452,1.181,2,0.165,0.115,1.340,2,0.237,-0.128,1.426,2,0.276,-0.343,1.424,2,0.277,-0.424,1.419,2,-0.105,-0.366,1.259,1,-0.144,-0.773,1.235,1,-0.181,-1.132,1.237,1,-0.140,-1.136,1.111,2,0.038,-0.374,1.292,1,0.097,-0.778,1.207,1,0.150,-1.148,1.152,1,0.185,-1.124,1.031,2,-0.028,0.138,1.267,2,-0.344,-0.531,1.190,2,-0.299,-0.454,1.151,2,0.279,-0.499,1.436,2,0.252,-0.446,1.471,0
5.261|kb,47319168461570000,6,25,0,0,0,0,1,72057594037953393,2,-0.036,-0.380,1.310,2,-0.033,-0.079,1.293,2,-0.030,0.208,1.257,2,0.016,0.351,1.184,2,-0.194,0.109,1.208,2,-0.291,-0.126,1.224,2,-0.341,-0.370,1.205,2,-0.365,-0.446,1.199,2,0.164,0.115,1.341,2,0.236,-0.124,1.429,2,0.276,-0.338,1.423,2,0.279,-0.421,1.408,2,-0.107,-0.366,1.259,1,-0.145,-0.773,1.234,1,-0.181,-1.132,1.235,1,-0.140,-1.136,1.110,2,0.037,-0.374,1.292,1,0.097,-0.778,1.206,1,0.152,-1.147,1.151,1,0.187,-1.122,1.030,2,-0.030,0.138,1.268,2,-0.380,-0.519,1.206,2,-0.334,-0.448,1.166,2,0.279,-0.492,1.417,2,0.256,-0.448,1.451,0
5.300|kb,47319171770310000,6,25,0,0,0,0,1,72057594037953393,2,-0.038,-0.379,1.310,2,-0.035,-0.078,1.293,2,-0.032,0.209,1.258,2,0.012,0.352,1.187,2,-0.201,0.112,1.215,2,-0.301,-0.128,1.234,2,-0.360,-0.361,1.217,2,-0.390,-0.441,1.212,2,0.162,0.116,1.341,2,0.233,-0.121,1.430,2,0.277,-0.334,1.418,2,0.282,-0.416,1.392,2,-0.109,-0.364,1.259,1,-0.145,-0.772,1.233,1,-0.178,-1.131,1.233,1,-0.140,-1.134,1.107,2,0.035,-0.373,1.291,1,0.097,-0.776,1.204,1,0.153,-1.145,1.149,1,0.187,-1.121,1.027,2,-0.033,0.139,1.269,2,-0.415,-0.526,1.236,2,-0.362,-0.452,1.181,2,0.284,-0.482,1.396,2,0.261,-0.441,1.439,0
5.334|kb,47319175163470000,6,25,0,0,0,0,1,72057594037953393,2,-0.040,-0.378,1.310,2,-0.037,-0.078,1.293,2,-0.034,0.210,1.259,2,0.008,0.353,1.191,2,-0.205,0.113,1.218,2,-0.313,-0.129,1.245,2,-0.377,-0.358,1.224,2,-0.407,-0.435,1.218,2,0.160,0.117,1.342,2,0.231,-0.119,1.434,2,0.280,-0.333,1.407,2,0.285,-0.414,1.377,2,-0.111,-0.363,1.259,1,-0.143,-0.771,1.232,1,-0.173,-1.132,1.232,1,-0.135,-1.134,1.105,2,0.032,-0.372,1.291,1,0.098,-0.775,1.204,1,0.156,-1.144,1.148,1,0.189,-1.119,1.026,2,-0.035,0.140,1.270,2,-0.425,-0.512,1.226,2,-0.378,-0.444,1.188,2,0.288,-0.479,1.377,2,0.263,-0.439,1.411,0
5.368|kb,47319178462620000,6,25,0,0,0,0,1,72057594037953393,2,-0.043,-0.377,1.309,2,-0.042,-0.076,1.293,2,-0.042,0.212,1.260,2,0.004,0.354,1.193,2,-0.209,0.115,1.222,2,-0.323,-0.127,1.252,2,-0.387,-0.358,1.227,2,-0.419,-0.431,1.219,2,0.152,0.121,1.340,2,0.229,-0.118,1.435,2,0.282,-0.331,1.397,2,0.288,-0.410,1.362,2,-0.114,-0.363,1.259,1,-0.141,-0.771,1.231,1,-0.168,-1.132,1.230,1,-0.131,-1.133,1.103,2,0.030,-0.372,1.290,1,0.098,-0.774,1.204,1,0.158,-1.142,1.150,1,0.189,-1.118,1.027,2,-0.042,0.142,1.271,2,-0.436,-0.512,1.231,2,-0.391,-0.441,1.191,2,0.292,-0.469,1.351,2,0.268,-0.430,1.402,0
5.402|kb,47319181768940000,6,25,0,0,0,0,1,72057594037953393,2,-0.045,-0.377,1.310,2,-0.045,-0.075,1.294,2,-0.047,0.214,1.261,2,0.000,0.355,1.197,2,-0.213,0.116,1.228,2,-0.331,-0.124,1.257,2,-0.397,-0.358,1.229,2,-0.426,-0.426,1.219,2,0.148,0.123,1.340,2,0.228,-0.117,1.436,2,0.282,-0.328,1.388,2,0.292,-0.405,1.350,2,-0.116,-0.362,1.260,1,-0.140,-0.771,1.230,1,-0.164,-1.133,1.228,1,-0.128,-1.133,1.100,2,0.029,-0.371,1.290,1,0.097,-0.773,1.204,1,0.158,-1.142,1.149,1,0.188,-1.117,1.026,2,-0.046,0.143,1.272,2,-0.439,-0.504,1.222,2,-0.395,-0.432,1.194,2,0.295,-0.462,1.338,2,0.272,-0.426,1.391,0
5.439|kb,47319185163020000,6,25,0,0,0,0,1,72057594037953393,2,-0.047,-0.377,1.310,2,-0.049,-0.075,1.295,2,-0.050,0.215,1.263,2,-0.003,0.356,1.199,2,-0.216,0.117,1.231,2,-0.337,-0.121,1.260,2,-0.401,-0.357,1.228,2,-0.429,-0.424,1.212,2,0.145,0.124,1.340,2,0.224,-0.116,1.436,2,0.282,-0.325,1.379,2,0.293,-0.401,1.336,2,-0.119,-0.363,1.261,1,-0.138,-0.772,1.229,1,-0.158,-1.134,1.224,1,-0.123,-1.133,1.096,2,0.027,-0.371,1.290,1,0.096,-0.773,1.204,1,0.158,-1.141,1.150,1,0.188,-1.116,1.026,2,-0.050,0.144,1.273,2,-0.440,-0.503,1.219,2,-0.396,-0.425,1.190,2,0.296,-0.457,1.322,2,0.274,-0.423,1.378,0
5.476|kb,47319191771160000,6,25,0,0,0,0,1,72057594037953393,2,-0.051,-0.377,1.311,2,-0.053,-0.074,1.297,2,-0.054,0.216,1.265,2,-0.008,0.358,1.202,2,-0.221,0.116,1.237,2,-0.341,-0.118,1.262,2,-0.405,-0.356,1.221,2,-0.421,-0.420,1.193,2,0.141,0.125,1.341,2,0.218,-0.114,1.433,2,0.278,-0.321,1.360,2,0.289,-0.395,1.315,2,-0.123,-0.363,1.263,1,-0.136,-0.773,1.227,1,-0.151,-1.136,1.219,1,-0.117,-1.134,1.091,2,0.024,-0.371,1.290,1,0.094,-0.773,1.205,1,0.156,-1.141,1.151,1,0.184,-1.116,1.027,2,-0.054,0.145,1.276,2,-0.433,-0.498,1.195,2,-0.387,-0.402,1.192,2,0.292,-0.452,1.300,2,0.273,-0.423,1.357,0
5.512|kb,47319195167760000,6,25,0,0,0,0,1,72057594037953393,2,-0.053,-0.377,1.312,2,-0.055,-0.074,1.298,2,-0.056,0.217,1.267,2,-0.011,0.358,1.204,2,-0.224,0.116,1.240,2,-0.341,-0.118,1.263,2,-0.402,-0.353,1.214,2,-0.412,-0.419,1.182,2,0.139,0.126,1.341,2,0.216,-0.114,1.431,2,0.275,-0.320,1.355,2,0.283,-0.395,1.308,2,-0.125,-0.363,1.264,1,-0.136,-0.772,1.227,1,-0.148,-1.136,1.218,1,-0.116,-1.133,1.089,2,0.022,-0.370,1.291,1,0.092,-0.773,1.206,1,0.154,-1.141,1.153,1,0.181,-1.116,1.029,2,-0.056,0.146,1.277,2,-0.418,-0.497,1.187,2,-0.404,-0.462,1.219,2,0.287,-0.452,1.289,2,0.269,-0.430,1.356,0
5.551|kb,47319198465450000,6,25,0,0,0,0,1,72057594037953393,2,-0.054,-0.376,1.312,2,-0.056,-0.073,1.298,2,-0.057,0.217,1.267,2,-0.012,0.359,1.205,2,-0.226,0.116,1.242,2,-0.341,-0.118,1.263,2,-0.393,-0.350,1.204,2,-0.400,-0.419,1.167,2,0.138,0.126,1.341,2,0.213,-0.114,1.429,2,0.270,-0.320,1.349,2,0.276,-0.394,1.300,2,-0.126,-0.363,1.265,1,-0.136,-0.772,1.227,1,-0.147,-1.137,1.217,1,-0.115,-1.133,1.089,2,0.021,-0.370,1.291,1,0.091,-0.773,1.207,1,0.154,-1.140,1.154,1,0.180,-1.116,1.029,2,-0.057,0.146,1.278,2,-0.406,-0.493,1.168,2,-0.374,-0.424,1.177,2,0.277,-0.453,1.284,2,0.259,-0.435,1.342,0
5.593|kb,47319201767990000,6,25,0,0,0,0,1,72057594037953393,2,-0.055,-0.376,1.313,2,-0.057,-0.073,1.299,2,-0.058,0.217,1.268,2,-0.013,0.360,1.206,2,-0.227,0.116,1.242,2,-0.339,-0.118,1.263,2,-0.379,-0.338,1.193,2,-0.382,-0.413,1.155,2,0.136,0.127,1.340,2,0.209,-0.112,1.425,2,0.265,-0.317,1.342,2,0.267,-0.392,1.295,2,-0.127,-0.363,1.266,1,-0.136,-0.772,1.227,1,-0.146,-1.137,1.216,1,-0.114,-1.133,1.087,2,0.021,-0.370,1.291,1,0.090,-0.772,1.207,1,0.153,-1.140,1.155,1,0.179,-1.116,1.030,2,-0.058,0.147,1.278,2,-0.386,-0.483,1.145,2,-0.374,-0.488,1.172,2,0.266,-0.451,1.277,2,0.252,-0.438,1.342,0
5.632|kb,47319205160180000,6,25,0,0,0,0,1,72057594037953393,2,-0.055,-0.376,1.313,2,-0.057,-0.072,1.299,2,-0.059,0.218,1.268,2,-0.013,0.360,1.206,2,-0.227,0.117,1.243,2,-0.337,-0.116,1.263,2,-0.367,-0.335,1.184,2,-0.363,-0.404,1.142,2,0.134,0.129,1.339,2,0.208,-0.111,1.422,2,0.260,-0.316,1.338,2,0.260,-0.390,1.292,2,-0.127,-0.362,1.266,1,-0.136,-0.772,1.226,1,-0.146,-1.137,1.215,1,-0.114,-1.132,1.086,2,0.020,-0.369,1.291,1,0.090,-0.772,1.207,1,0.151,-1.139,1.154,1,0.178,-1.116,1.029,2,-0.059,0.147,1.278,2,-0.362,-0.474,1.125,2,-0.370,-0.449,1.160,2,0.259,-0.450,1.270,2,0.239,-0.431,1.324,0
5.671|kb,47319208463550000,6,25,0,0,0,0,1,72057594037953393,2,-0.055,-0.375,1.313,2,-0.058,-0.072,1.299,2,-0.060,0.218,1.268,2,-0.014,0.360,1.206,2,-0.227,0.117,1.243,2,-0.332,-0.112,1.262,2,-0.350,-0.327,1.173,2,-0.342,-0.393,1.124,2,0.133,0.128,1.338,2,0.207,-0.111,1.422,2,0.256,-0.314,1.335,2,0.253,-0.388,1.290,2,-0.128,-0.362,1.266,1,-0.136,-0.772,1.227,1,-0.146,-1.137,1.216,1,-0.115,-1.132,1.087,2,0.020,-0.369,1.290,1,0.089,-0.771,1.207,1,0.152,-1.138,1.154,1,0.177,-1.115,1.029,2,-0.059,0.147,1.278,2,-0.337,-0.456,1.096,2,-0.336,-0.457,1.120,2,0.249,-0.448,1.269,2,0.230,-0.414,1.315,0
5.710|kb,47319215164000000,6,25,0,0,0,0,1,72057594037953393,2,-0.055,-0.374,1.312,2,-0.058,-0.071,1.298,2,-0.060,0.219,1.266,2,-0.013,0.361,1.205,2,-0.227,0.119,1.242,2,-0.324,-0.105,1.265,2,-0.320,-0.292,1.156,2,-0.303,-0.346,1.086,2,0.132,0.128,1.336,2,0.207,-0.109,1.420,2,0.253,-0.313,1.328,2,0.249,-0.382,1.286,2,-0.128,-0.361,1.266,1,-0.138,-0.771,1.227,1,-0.149,-1.136,1.217,1,-0.118,-1.132,1.088,2,0.020,-0.368,1.290,1,0.091,-0.770,1.205,1,0.154,-1.137,1.151,1,0.180,-1.114,1.026,2,-0.059,0.149,1.277,2,-0.288,-0.404,1.038,2,-0.328,-0.355,1.061,2,0.244,-0.439,1.267,2,0.232,-0.426,1.308,0
5.749|kb,47319218468670000,6,25,0,0,0,0,1,72057594037953393,2,-0.054,-0.373,1.312,2,-0.055,-0.071,1.297,2,-0.054,0.219,1.265,2,-0.013,0.362,1.204,2,-0.225,0.121,1.242,2,-0.320,-0.098,1.267,2,-0.307,-0.262,1.134,2,-0.285,-0.315,1.056,2,0.138,0.125,1.338,2,0.207,-0.106,1.418,2,0.253,-0.311,1.327,2,0.252,-0.379,1.286,2,-0.126,-0.360,1.265,1,-0.138,-0.770,1.227,1,-0.151,-1.134,1.218,1,-0.120,-1.131,1.089,2,0.021,-0.367,1.289,1,0.095,-0.768,1.202,1,0.161,-1.134,1.146,1,0.187,-1.111,1.021,2,-0.055,0.148,1.276,2,-0.272,-0.358,1.009,2,-0.307,-0.316,1.024,2,0.247,-0.435,1.267,2,0.215,-0.426,1.258,0
5.790|kb,47319221768690000,6,25,0,0,0,0,1,72057594037953393,2,-0.051,-0.372,1.310,2,-0.052,-0.070,1.296,2,-0.051,0.218,1.264,2,-0.010,0.364,1.202,2,-0.221,0.122,1.239,2,-0.318,-0.089,1.266,2,-0.293,-0.229,1.106,2,-0.268,-0.278,1.021,2,0.141,0.124,1.339,2,0.207,-0.105,1.417,2,0.253,-0.308,1.327,2,0.257,-0.377,1.288,2,-0.123,-0.359,1.264,1,-0.139,-0.768,1.228,1,-0.154,-1.133,1.220,1,-0.123,-1.130,1.091,2,0.024,-0.365,1.287,1,0.097,-0.767,1.199,1,0.162,-1.133,1.143,1,0.189,-1.110,1.019,2,-0.051,0.148,1.275,2,-0.245,-0.308,0.967,2,-0.300,-0.291,0.997,2,0.252,-0.434,1.272,2,0.237,-0.420,1.305,0
5.827|kb,47319225163550000,6,25,0,0,0,0,1,72057594037953393,2,-0.047,-0.370,1.308,2,-0.048,-0.069,1.294,2,-0.048,0.218,1.263,2,-0.008,0.366,1.199,2,-0.218,0.123,1.236,2,-0.317,-0.073,1.259,2,-0.283,-0.201,1.092,2,-0.259,-0.228,0.994,2,0.143,0.124,1.339,2,0.208,-0.104,1.417,2,0.254,-0.304,1.328,2,0.262,-0.376,1.291,2,-0.119,-0.357,1.262,1,-0.138,-0.766,1.229,1,-0.157,-1.131,1.222,1,-0.125,-1.128,1.094,2,0.028,-0.363,1.284,1,0.101,-0.765,1.195,1,0.167,-1.131,1.138,1,0.194,-1.107,1.013,2,-0.048,0.148,1.273,2,-0.241,-0.241,0.955,2,-0.270,-0.279,1.004,2,0.259,-0.433,1.275,2,0.241,-0.417,1.309,0
5.864|kb,47319228462840000,6,25,0,0,0,0,1,72057594037953393,2,-0.042,-0.369,1.305,2,-0.044,-0.067,1.290,2,-0.045,0.222,1.257,2,-0.004,0.367,1.195,2,-0.214,0.127,1.235,2,-0.313,-0.054,1.244,2,-0.302,-0.147,1.053,2,-0.251,-0.159,0.962,2,0.144,0.126,1.331,2,0.211,-0.104,1.416,2,0.257,-0.301,1.329,2,0.269,-0.375,1.294,2,-0.115,-0.356,1.260,1,-0.133,-0.765,1.226,1,-0.150,-1.130,1.219,1,-0.120,-1.128,1.091,2,0.033,-0.361,1.281,1,0.107,-0.763,1.188,1,0.175,-1.129,1.129,1,0.200,-1.104,1.004,2,-0.045,0.152,1.268,2,-0.221,-0.162,0.917,2,-0.277,-0.196,0.976,2,0.267,-0.434,1.279,2,0.242,-0.370,1.270,0
5.904|kb,47319231770420000,6,25,0,0,0,0,1,72057594037953393,2,-0.036,-0.366,1.301,2,-0.039,-0.064,1.285,2,-0.041,0.225,1.252,2,0.001,0.368,1.191,2,-0.208,0.132,1.233,2,-0.335,-0.030,1.193,2,-0.251,-0.074,0.971,2,-0.240,-0.082,0.935,2,0.148,0.128,1.325,2,0.216,-0.104,1.413,2,0.262,-0.299,1.330,2,0.275,-0.375,1.297,2,-0.109,-0.354,1.255,1,-0.128,-0.763,1.224,1,-0.145,-1.128,1.220,1,-0.116,-1.126,1.092,2,0.039,-0.358,1.277,1,0.116,-0.759,1.180,1,0.186,-1.125,1.117,1,0.209,-1.099,0.992,2,-0.040,0.154,1.263,2,-0.215,-0.083,0.896,2,-0.266,-0.085,0.914,2,0.274,-0.436,1.285,2,0.254,-0.416,1.316,0
5.942|kb,47319238463020000,6,25,0,0,0,0,1,72057594037953393,2,-0.019,-0.362,1.290,2,-0.024,-0.061,1.274,2,-0.029,0.227,1.242,2,0.015,0.370,1.180,2,-0.170,0.143,1.222,2,-0.303,-0.030,1.185,2,-0.254,0.058,0.997,2,-0.220,0.080,0.955,2,0.161,0.135,1.314,2,0.231,-0.104,1.406,2,0.276,-0.302,1.331,2,0.290,-0.381,1.305,2,-0.092,-0.351,1.243,1,-0.129,-0.758,1.222,1,-0.161,-1.121,1.226,1,-0.131,-1.122,1.099,2,0.056,-0.354,1.267,1,0.138,-0.752,1.160,1,0.214,-1.119,1.086,1,0.237,-1.088,0.963,2,-0.028,0.157,1.252,2,-0.198,0.102,0.894,2,-0.249,0.074,0.919,2,0.289,-0.444,1.297,2,0.260,-0.378,1.299,0
5.978|kb,47319241772010000,6,25,0,0,0,0,1,72057594037953393,2,-0.008,-0.362,1.284,2,-0.017,-0.059,1.270,2,-0.024,0.229,1.238,2,0.024,0.370,1.174,2,-0.166,0.133,1.217,2,-0.358,-0.032,1.147,2,-0.237,0.118,1.024,2,-0.201,0.164,0.981,2,0.169,0.139,1.310,2,0.241,-0.103,1.401,2,0.284,-0.304,1.332,2,0.300,-0.383,1.308,2,-0.082,-0.352,1.238,1,-0.128,-0.758,1.219,1,-0.167,-1.119,1.224,1,-0.138,-1.122,1.096,2,0.066,-0.352,1.261,1,0.151,-0.750,1.153,1,0.230,-1.117,1.078,1,0.253,-1.085,0.956,2,-0.023,0.159,1.249,2,-0.149,0.191,0.921,2,-0.217,0.160,0.921,2,0.301,-0.447,1.299,2,0.272,-0.372,1.279,0
6.021|kb,47319245163760000,6,25,0,0,0,0,1,72057594037953393,2,0.000,-0.352,1.278,2,-0.015,-0.059,1.269,2,-0.024,0.227,1.240,2,0.032,0.370,1.168,2,-0.165,0.138,1.212,2,-0.351,-0.009,1.122,2,-0.220,0.178,1.039,2,-0.184,0.229,1.017,2,0.171,0.140,1.308,2,0.248,-0.102,1.396,2,0.295,-0.304,1.332,2,0.311,-0.386,1.307,2,-0.076,-0.341,1.232,1,-0.126,-0.747,1.213,1,-0.169,-1.107,1.219,1,-0.140,-1.111,1.091,2,0.075,-0.344,1.255,1,0.157,-0.741,1.145,1,0.233,-1.108,1.068,1,0.256,-1.076,0.946,2,-0.022,0.158,1.249,2,-0.135,0.267,0.981,2,-0.194,0.229,0.955,2,0.310,-0.450,1.303,2,0.306,-0.383,1.268,0
6.058|kb,47319248461550000,6,25,0,0,0,0,1,72057594037953393,2,0.007,-0.344,1.272,2,-0.002,-0.050,1.258,2,-0.011,0.231,1.228,2,0.043,0.372,1.159,2,-0.156,0.149,1.204,2,-0.347,0.023,1.093,2,-0.192,0.243,1.055,2,-0.166,0.275,1.049,2,0.179,0.143,1.292,2,0.258,-0.100,1.389,2,0.304,-0.302,1.332,2,0.322,-0.385,1.307,2,-0.069,-0.332,1.225,1,-0.125,-0.738,1.205,1,-0.173,-1.096,1.211,1,-0.146,-1.101,1.082,2,0.082,-0.337,1.248,1,0.159,-0.737,1.142,1,0.232,-1.104,1.068,1,0.252,-1.074,0.946,2,-0.009,0.163,1.238,2,-0.114,0.319,1.037,2,-0.167,0.288,0.987,2,0.323,-0.453,1.304,2,0.294,-0.370,1.274,0
6.092|kb,47319251768990000,6,25,0,0,0,0,1,72057594037953393,2,0.016,-0.339,1.264,2,0.009,-0.046,1.251,2,0.004,0.233,1.221,2,0.053,0.372,1.153,2,-0.149,0.154,1.197,2,-0.317,0.086,1.081,2,-0.168,0.289,1.067,2,-0.159,0.299,1.069,2,0.187,0.147,1.283,2,0.267,-0.096,1.380,2,0.312,-0.302,1.332,2,0.333,-0.387,1.307,2,-0.062,-0.326,1.218,1,-0.123,-0.731,1.201,1,-0.176,-1.088,1.210,1,-0.150,-1.094,1.081,2,0.092,-0.334,1.239,1,0.167,-0.735,1.136,1,0.237,-1.103,1.065,1,0.257,-1.073,0.943,2,0.005,0.165,1.231,2,-0.102,0.345,1.060,2,-0.162,0.312,1.009,2,0.335,-0.453,1.301,2,0.337,-0.379,1.269,0
6.129|kb,47319255167670000,6,25,0,0,0,0,1,72057594037953393,2,0.027,-0.337,1.253,2,0.020,-0.045,1.242,2,0.013,0.233,1.215,2,0.062,0.372,1.146,2,-0.141,0.154,1.185,2,-0.317,0.099,1.076,2,-0.168,0.290,1.067,2,-0.141,0.323,1.075,2,0.198,0.149,1.276,2,0.277,-0.094,1.371,2,0.324,-0.302,1.328,2,0.343,-0.387,1.302,2,-0.050,-0.323,1.207,1,-0.118,-0.727,1.196,1,-0.176,-1.082,1.209,1,-0.150,-1.090,1.081,2,0.103,-0.332,1.229,1,0.173,-0.734,1.130,1,0.238,-1.102,1.062,1,0.260,-1.073,0.939,2,0.015,0.166,1.224,2,-0.079,0.365,1.070,2,-0.141,0.342,1.020,2,0.345,-0.454,1.296,2,0.323,-0.425,1.327,0
6.167|kb,47319258462210000,6,25,0,0,0,0,1,72057594037953393,2,0.042,-0.338,1.238,2,0.029,-0.045,1.234,2,0.018,0.233,1.211,2,0.072,0.371,1.139,2,-0.136,0.153,1.178,2,-0.310,0.130,1.054,2,-0.168,0.291,1.065,2,-0.121,0.336,1.073,2,0.208,0.148,1.271,2,0.289,-0.097,1.363,2,0.335,-0.300,1.322,2,0.354,-0.386,1.295,2,-0.037,-0.326,1.191,1,-0.113,-0.727,1.192,1,-0.179,-1.079,1.215,1,-0.153,-1.090,1.087,2,0.118,-0.331,1.216,1,0.187,-0.733,1.118,1,0.252,-1.100,1.052,1,0.275,-1.071,0.928,2,0.021,0.166,1.219,2,-0.060,0.378,1.068,2,-0.117,0.356,1.021,2,0.358,-0.455,1.287,2,0.334,-0.425,1.316,0
6.206|kb,47319261769800000,6,25,0,0,0,0,1,72057594037953393,2,0.056,-0.338,1.224,2,0.043,-0.046,1.220,2,0.030,0.232,1.198,2,0.083,0.372,1.131,2,-0.122,0.152,1.157,2,-0.295,0.173,1.032,2,-0.112,0.331,1.065,2,-0.070,0.363,1.075,2,0.233,0.137,1.256,2,0.304,-0.106,1.356,2,0.349,-0.302,1.313,2,0.366,-0.389,1.285,2,-0.021,-0.326,1.174,1,-0.102,-0.725,1.185,1,-0.171,-1.074,1.218,1,-0.146,-1.089,1.091,2,0.130,-0.331,1.205,1,0.194,-0.734,1.109,1,0.255,-1.100,1.046,1,0.279,-1.073,0.922,2,0.033,0.165,1.206,2,-0.001,0.417,1.076,2,-0.092,0.377,1.024,2,0.368,-0.454,1.278,2,0.402,-0.377,1.294,0
6.243|kb,47319265163680000,6,25,0,0,0,0,1,72057594037953393,2,0.073,-0.339,1.209,2,0.060,-0.047,1.207,2,0.048,0.230,1.187,2,0.094,0.372,1.124,2,-0.111,0.152,1.148,2,-0.282,0.190,1.023,2,-0.108,0.332,1.060,2,-0.050,0.366,1.067,2,0.241,0.137,1.248,2,0.316,-0.106,1.346,2,0.365,-0.305,1.302,2,0.379,-0.388,1.273,2,-0.005,-0.327,1.158,1,-0.059,-0.731,1.162,1,-0.106,-1.084,1.190,1,-0.076,-1.097,1.062,2,0.146,-0.331,1.191,1,0.202,-0.736,1.102,1,0.256,-1.102,1.045,1,0.282,-1.078,0.921,2,0.051,0.163,1.194,2,0.015,0.428,1.071,2,-0.078,0.375,1.018,2,0.382,-0.453,1.266,2,0.408,-0.377,1.266,0
6.280|kb,47319271773510000,6,25,0,0,0,0,1,72057594037953393,2,0.101,-0.337,1.184,2,0.084,-0.045,1.188,2,0.067,0.232,1.173,2,0.119,0.374,1.108,2,-0.093,0.152,1.135,2,-0.255,0.211,1.005,2,-0.089,0.329,1.039,2,-0.029,0.364,1.039,2,0.259,0.136,1.239,2,0.345,-0.109,1.327,2,0.393,-0.307,1.278,2,0.407,-0.386,1.249,2,0.023,-0.325,1.133,1,-0.026,-0.732,1.126,1,-0.068,-1.086,1.145,1,-0.038,-1.095,1.017,2,0.173,-0.329,1.167,1,0.228,-0.735,1.092,1,0.279,-1.100,1.048,1,0.307,-1.079,0.923,2,0.071,0.165,1.179,2,0.038,0.430,1.042,2,-0.023,0.378,0.992,2,0.413,-0.449,1.240,2,0.438,-0.366,1.249,0
6.362|kb,47319278460780000,6,25,0,0,0,0,1,72057594037953393,2,0.146,-0.327,1.160,2,0.131,-0.035,1.161,2,0.114,0.241,1.145,2,0.150,0.384,1.090,2,-0.057,0.154,1.105,2,-0.225,0.225,0.992,2,-0.037,0.346,1.020,1,0.030,0.382,1.032,2,0.306,0.149,1.213,2,0.380,-0.100,1.301,2,0.429,-0.299,1.250,2,0.441,-0.379,1.223,2,0.069,-0.315,1.107,1,0.017,-0.724,1.048,1,-0.025,-1.082,1.023,1,0.005,-1.077,0.893,2,0.214,-0.320,1.144,1,0.242,-0.730,1.082,1,0.271,-1.093,1.049,1,0.298,-1.080,0.923,2,0.118,0.174,1.151,2,0.088,0.456,1.006,2,-0.029,0.377,1.007,2,0.444,-0.439,1.213,2,0.471,-0.354,1.223,0
6.408|kb,47319281771080000,6,25,0,0,0,0,1,72057594037953393,2,0.149,-0.326,1.157,2,0.131,-0.035,1.161,2,0.109,0.240,1.148,2,0.158,0.386,1.085,2,-0.059,0.154,1.107,2,-0.219,0.229,0.984,2,-0.034,0.347,1.019,1,0.032,0.382,1.027,2,0.306,0.148,1.212,2,0.387,-0.100,1.296,2,0.436,-0.298,1.244,2,0.457,-0.373,1.208,2,0.071,-0.314,1.104,1,0.057,-0.725,1.023,1,0.045,-1.088,0.975,1,0.076,-1.072,0.847,2,0.219,-0.318,1.141,1,0.253,-0.727,1.068,1,0.286,-1.087,1.027,1,0.313,-1.073,0.900,2,0.115,0.174,1.153,2,0.092,0.453,1.004,2,0.069,0.334,1.062,2,0.459,-0.432,1.199,2,0.486,-0.359,1.200,0
6.447|kb,47319288461250000,6,25,0,0,0,0,1,72057594037953393,2,0.164,-0.318,1.141,2,0.151,-0.026,1.144,2,0.136,0.251,1.130,2,0.181,0.391,1.073,2,-0.034,0.162,1.085,2,-0.197,0.242,0.971,2,-0.026,0.349,1.006,1,0.036,0.382,1.012,2,0.326,0.152,1.202,2,0.409,-0.097,1.282,2,0.465,-0.293,1.221,2,0.488,-0.363,1.177,2,0.085,-0.306,1.087,1,0.150,-0.708,0.971,1,0.207,-1.069,0.891,1,0.239,-1.039,0.770,2,0.233,-0.310,1.126,1,0.242,-0.716,1.004,1,0.255,-1.080,0.919,1,0.283,-1.052,0.796,2,0.140,0.184,1.136,2,0.101,0.453,1.010,2,0.054,0.346,1.049,2,0.491,-0.417,1.164,2,0.505,-0.342,1.150,0
6.484|kb,47319291768980000,6,25,0,0,0,0,1,72057594037953393,2,0.171,-0.314,1.132,2,0.157,-0.023,1.136,2,0.142,0.253,1.123,2,0.194,0.392,1.066,2,-0.024,0.165,1.076,2,-0.186,0.248,0.962,2,-0.015,0.353,0.996,1,0.049,0.384,1.003,2,0.332,0.153,1.195,2,0.420,-0.094,1.274,2,0.478,-0.290,1.209,2,0.503,-0.360,1.164,2,0.091,-0.304,1.077,1,0.191,-0.689,0.923,1,0.284,-1.044,0.803,1,0.309,-1.000,0.690,2,0.240,-0.306,1.118,1,0.246,-0.711,0.993,1,0.256,-1.079,0.901,1,0.286,-1.046,0.781,2,0.146,0.187,1.129,2,0.115,0.456,1.005,2,0.064,0.348,1.041,2,0.512,-0.422,1.152,2,0.502,-0.347,1.119,0
6.520|kb,47319295160150000,6,25,0,0,0,0,1,72057594037953393,2,0.176,-0.312,1.120,2,0.163,-0.020,1.126,2,0.149,0.256,1.115,2,0.209,0.392,1.058,2,-0.013,0.168,1.064,2,-0.177,0.251,0.951,2,-0.006,0.359,0.982,1,0.053,0.383,0.992,2,0.342,0.149,1.188,2,0.430,-0.098,1.269,2,0.492,-0.292,1.194,2,0.517,-0.359,1.149,2,0.096,-0.301,1.065,1,0.212,-0.680,0.902,1,0.324,-1.033,0.770,1,0.344,-0.983,0.663,2,0.245,-0.303,1.107,1,0.257,-0.703,0.957,1,0.272,-1.071,0.841,1,0.303,-1.029,0.727,2,0.153,0.189,1.120,2,0.121,0.450,1.006,2,0.068,0.351,1.026,2,0.521,-0.416,1.130,2,0.546,-0.373,1.115,0
6.557|kb,47319298460510000,6,25,0,0,0,0,1,72057594037953393,2,0.183,-0.311,1.110,2,0.171,-0.017,1.117,2,0.159,0.260,1.106,2,0.221,0.392,1.052,2,-0.003,0.169,1.051,2,-0.163,0.256,0.935,2,0.006,0.364,0.971,1,0.061,0.382,0.981,2,0.351,0.143,1.182,2,0.437,-0.101,1.262,2,0.503,-0.295,1.181,2,0.530,-0.361,1.136,2,0.102,-0.299,1.054,1,0.227,-0.668,0.869,1,0.349,-1.015,0.716,1,0.367,-0.960,0.614,2,0.251,-0.303,1.097,1,0.224,-0.681,0.884,1,0.204,-1.034,0.708,1,0.236,-0.982,0.600,2,0.162,0.193,1.111,2,0.129,0.437,0.982,2,0.082,0.352,1.016,2,0.539,-0.416,1.111,2,0.534,-0.341,1.093,0
6.595|kb,47319301768870000,6,25,0,0,0,0,1,72057594037953393,2,0.192,-0.312,1.095,2,0.182,-0.016,1.104,2,0.169,0.263,1.095,2,0.232,0.390,1.045,2,0.006,0.165,1.036,2,-0.151,0.257,0.919,2,0.017,0.366,0.956,1,0.074,0.382,0.969,2,0.360,0.133,1.172,2,0.444,-0.106,1.252,2,0.513,-0.299,1.168,2,0.541,-0.365,1.121,2,0.110,-0.301,1.038,1,0.240,-0.669,0.857,1,0.367,-1.014,0.705,1,0.386,-0.960,0.605,2,0.262,-0.304,1.083,1,0.205,-0.681,0.873,1,0.156,-1.034,0.693,1,0.194,-0.981,0.591,2,0.172,0.196,1.100,2,0.148,0.433,0.965,2,0.094,0.351,1.003,2,0.553,-0.421,1.098,2,0.562,-0.343,1.092,0
6.633|kb,47319305163670000,6,25,0,0,0,0,1,72057594037953393,2,0.198,-0.313,1.079,2,0.183,-0.016,1.101,2,0.169,0.263,1.096,2,0.242,0.388,1.038,2,0.011,0.163,1.028,2,-0.133,0.254,0.894,2,0.031,0.368,0.934,1,0.089,0.385,0.953,2,0.360,0.133,1.172,2,0.449,-0.114,1.241,2,0.518,-0.300,1.157,2,0.549,-0.366,1.107,2,0.115,-0.301,1.021,1,0.249,-0.671,0.849,1,0.379,-1.017,0.707,1,0.401,-0.961,0.607,2,0.268,-0.304,1.068,1,0.462,-0.663,1.023,1,0.636,-0.981,1.007,1,0.673,-0.958,0.889,2,0.172,0.196,1.100,2,0.165,0.442,0.955,2,0.115,0.358,0.983,2,0.561,-0.421,1.082,2,0.576,-0.348,1.081,0
6.677|kb,47319311768800000,6,25,0,0,0,0,1,72057594037953393,2,0.208,-0.325,1.045,2,0.206,-0.022,1.063,2,0.201,0.263,1.060,2,0.266,0.381,1.016,2,0.035,0.148,0.981,2,-0.083,0.260,0.837,2,0.074,0.366,0.901,1,0.136,0.391,0.927,2,0.363,0.117,1.121,2,0.451,-0.126,1.210,2,0.526,-0.313,1.128,2,0.555,-0.372,1.080,2,0.123,-0.312,0.986,1,0.274,-0.676,0.818,1,0.421,-1.018,0.678,1,0.442,-0.962,0.582,2,0.279,-0.317,1.036,1,0.468,-0.675,1.027,1,0.640,-0.995,1.042,1,0.680,-0.975,0.928,2,0.202,0.194,1.063,2,0.203,0.453,0.930,2,0.146,0.357,0.959,2,0.573,-0.425,1.047,2,0.547,-0.341,1.028,0
6.722|kb,47319315166030000,6,25,0,0,0,0,1,72057594037953393,2,0.206,-0.330,1.023,2,0.211,-0.025,1.043,2,0.211,0.261,1.043,2,0.279,0.374,1.003,2,0.048,0.142,0.957,2,-0.070,0.260,0.816,2,0.098,0.340,0.890,1,0.160,0.382,0.915,2,0.356,0.121,1.092,2,0.445,-0.120,1.183,2,0.527,-0.323,1.109,2,0.553,-0.377,1.065,2,0.119,-0.316,0.966,1,0.297,-0.671,0.812,1,0.464,-1.006,0.684,1,0.487,-0.951,0.588,2,0.279,-0.323,1.013,1,0.457,-0.687,0.997,1,0.620,-1.008,1.010,1,0.659,-0.992,0.892,2,0.212,0.192,1.045,2,0.225,0.447,0.909,2,0.154,0.336,0.953,2,0.576,-0.428,1.033,2,0.547,-0.350,1.008,0
6.761|kb,47319318461640000,6,25,0,0,0,0,1,72057594037953393,2,0.195,-0.335,0.995,2,0.212,-0.028,1.021,2,0.223,0.258,1.024,2,0.296,0.367,0.985,2,0.060,0.134,0.934,2,-0.049,0.254,0.789,2,0.116,0.348,0.853,1,0.182,0.378,0.888,2,0.343,0.128,1.057,2,0.434,-0.110,1.153,2,0.523,-0.323,1.104,2,0.548,-0.384,1.051,2,0.105,-0.316,0.939,1,0.317,-0.661,0.820,1,0.514,-0.984,0.729,1,0.536,-0.935,0.626,2,0.270,-0.331,0.984,1,0.485,-0.669,0.994,1,0.676,-0.966,1.028,1,0.718,-0.955,0.911,2,0.221,0.189,1.026,2,0.248,0.433,0.883,2,0.177,0.339,0.911,2,0.569,-0.436,1.016,2,0.544,-0.355,0.994,0
6.804|kb,47319321769270000,6,25,0,0,0,0,1,72057594037953393,2,0.196,-0.336,0.980,2,0.219,-0.031,1.003,2,0.237,0.254,1.005,2,0.312,0.362,0.966,2,0.074,0.123,0.911,2,-0.023,0.255,0.767,2,0.135,0.332,0.859,1,0.201,0.366,0.881,1,0.382,0.099,1.100,2,0.434,-0.112,1.147,2,0.513,-0.331,1.087,2,0.540,-0.394,1.036,2,0.107,-0.316,0.925,1,0.302,-0.667,0.791,1,0.486,-0.994,0.691,1,0.510,-0.947,0.588,2,0.272,-0.333,0.967,1,0.259,-0.708,0.748,1,0.253,-1.056,0.566,1,0.293,-1.004,0.467,2,0.233,0.185,1.007,2,0.264,0.430,0.879,2,0.181,0.321,0.920,2,0.562,-0.448,1.002,2,0.536,-0.362,0.981,0
